82
CrCRR1                   0.0000000 1.9342654 2.2780435 2.2973794 2.3047185 2.2265091 2.1262493 1.6932847 1.8920879 1.9338640 1.7980819 1.9073374 1.7531806 1.8441587 1.8207600 1.7584037 1.7584037 1.7488018 1.7488018 2.0282566 2.0282566 1.8028739 2.7281661 2.2286930 2.8452364 2.6857292 2.6093002 1.9985950 2.1707829 1.8755124 1.9599862 1.9364349 2.1361573 2.2168526 2.1451306 2.0869550 2.4755759 1.8529368 1.5676451 2.1245855 1.7795529 1.9148214 2.0894258 1.3050836 2.1806564 2.1806564 1.5870938 1.6601731 1.6601731 2.5252441 2.2214221 1.2767818 2.3115557 2.3205619 2.3537187 2.3532364 2.3680658 1.7460235 1.1893904 1.9821192 2.6775815 2.4634873 2.2521718 1.2313084 1.2604750 1.4932296 1.5920945 1.5011442 1.6330511 1.5824212 1.6907330 2.2897914 2.3117111 2.5221231 2.1952451 2.1614662 3.1279437 1.2462778 1.2211704 1.3505490 1.3459129 1.3744689 
Niben101Scf06461g03009.1 1.9342654 0.0000000 1.8008818 1.8323898 1.8323898 1.7772267 1.7882020 1.4939744 1.7656893 1.6616205 1.3975523 1.4403345 1.2458262 1.4203853 1.4005685 1.3406311 1.3406311 1.3220270 1.3220270 1.3579819 1.3579819 1.6755843 1.7346245 1.8050166 1.5672218 1.6363917 1.6357276 1.6012308 1.7345041 1.8542256 1.9047907 1.6019101 1.6665964 1.4020671 1.4892371 1.5559309 1.7488156 2.4568061 1.9090617 1.7602342 1.7650496 1.5416812 1.5474269 1.0817113 1.6200532 1.6200532 1.4530250 1.3861335 1.3861335 1.7854798 1.5914169 1.3324325 1.5075620 1.5026567 1.7709085 1.5142139 1.5147940 1.3658672 1.0941633 1.8368636 1.6604237 1.5813452 1.5610726 1.1655615 1.2383457 1.4029097 1.4112852 1.1667272 1.3149475 1.2759018 1.5221850 1.5463985 1.5890562 1.5563869 1.4958966 1.4798875 1.4766397 1.2382724 1.3331396 1.0942904 1.1407484 1.1375000 
AtSPL7.3                 2.2780435 1.8008818 0.0000000 0.0087542 0.0084660 0.8561610 0.8583636 0.7130976 1.4906186 1.5591273 2.0117200 1.9994560 1.4167758 2.0211116 2.0115583 1.5858843 1.5858843 1.5451988 1.5451988 1.7580884 1.7580884 1.7359085 1.8800207 1.8038277 1.9337009 1.7737545 1.7626473 1.6850786 1.8282273 1.5096778 1.3235438 1.3843836 1.8894858 1.9886781 1.6460364 1.6335101 2.0299852 1.6259418 1.5296860 1.8055503 1.4922163 1.5517678 1.5625446 0.9327029 1.5685597 1.5685597 1.3171706 1.2221893 1.2221893 2.1218551 1.9871293 1.2110370 1.8276260 1.8624355 1.8707252 1.8415831 1.8391304 1.4885316 0.9107047 1.7407620 2.0615614 2.0074720 2.1112933 0.9499902 0.9764080 1.1741427 1.2720976 1.0983365 1.4748471 1.3809336 1.5543329 1.9136398 1.9473174 1.8498983 2.0471140 1.6400346 1.9346732 1.1496236 1.2510526 1.1668652 1.1527593 1.1509576 
AtSPL7.2                 2.2973794 1.8323898 0.0087542 0.0000000 0.0000010 0.8266780 0.8085084 0.6965732 1.5022439 1.5217860 2.0419797 2.0586396 1.4167758 2.0575288 2.0544346 1.5805514 1.5805514 1.5434430 1.5434430 1.8147363 1.8147363 1.7463239 1.9306800 1.7787300 1.9486853 1.7942191 1.7614934 1.6535792 1.8810688 1.5094773 1.3426022 1.3577474 1.9609751 2.0226372 1.7115718 1.6755500 2.0665092 1.6259418 1.5126428 1.8612269 1.5221060 1.5361956 1.5951281 0.9327029 1.6172367 1.6172367 1.2691428 1.2552037 1.2552037 2.0545157 1.9111957 1.2110370 1.8086387 1.7896265 1.7837647 1.7729858 1.7692546 1.4758360 0.9107047 1.7188152 1.8567662 1.9067772 1.9420931 0.9499902 1.0154148 1.1671798 1.2882981 1.0983365 1.4624046 1.4075353 1.5543329 1.9165931 1.9572259 1.8556636 2.0361862 1.6389451 1.9656406 1.1496236 1.2510526 1.1668652 1.1527593 1.1509576 
AtSPL7.1                 2.3047185 1.8323898 0.0084660 0.0000010 0.0000000 0.8573358 0.8470623 0.6965732 1.5022439 1.5217860 2.0419797 2.0586396 1.4167758 2.0575288 2.0544346 1.5805514 1.5805514 1.5434430 1.5434430 1.8147363 1.8147363 1.7463239 1.9306800 1.7787300 1.9486853 1.7942191 1.7614934 1.6535792 1.8810688 1.5094773 1.3426022 1.3577474 1.9609751 2.0226372 1.7115718 1.6755500 2.0665092 1.6259418 1.5126428 1.8612269 1.5221060 1.5361956 1.5951281 0.9327029 1.6172367 1.6172367 1.2691428 1.2552037 1.2552037 2.1109545 2.0067669 1.2110370 1.8663679 1.8488917 1.8544458 1.8392389 1.8352569 1.4758360 0.9107047 1.7188152 1.9315522 1.9802793 2.0393136 0.9499902 1.0154148 1.1671798 1.2882981 1.0983365 1.4624046 1.4075353 1.5543329 1.9165931 1.9572259 1.8556636 2.0361862 1.6389451 1.9656406 1.1496236 1.2510526 1.1668652 1.1527593 1.1509576 
Solyc01g080670.2.1       2.2265091 1.7772267 0.8561610 0.8266780 0.8573358 0.0000000 0.2620092 0.2218765 1.6068831 1.6078069 1.8647652 1.9646978 1.6070725 1.8572001 1.8345299 1.6713388 1.6713388 1.5924326 1.5924326 1.8819727 1.8819727 1.9190807 2.0605179 1.8035585 1.8056600 1.8294940 1.8191734 1.5989101 1.6927051 1.6519919 1.5272176 1.4999072 1.5018141 1.8767559 1.5582298 1.5964861 1.8188159 1.6909948 1.6101728 1.7939134 1.5677717 1.7632989 1.6970689 1.1170121 1.6579819 1.6579819 1.1879661 1.0976104 1.0976104 2.2368718 1.8848243 1.0104902 1.7432331 1.7421221 1.7968283 1.7241561 1.7198818 1.3754004 0.8877179 1.7906117 1.8159582 1.7827496 1.8447774 0.9446663 0.9547515 1.2813359 1.3536122 1.1656075 1.3600517 1.2488151 1.5922644 2.0631939 2.2960988 2.0991722 1.8646883 1.6211915 1.9854764 1.1722659 1.1720737 1.0956023 1.1760440 1.1894479 
Niben101Scf11812g00024.1 2.1262493 1.7882020 0.8583636 0.8085084 0.8470623 0.2620092 0.0000000 0.1135394 1.4883419 1.4478246 1.9225672 1.7520302 1.3846620 1.7212290 1.6903410 1.5020096 1.5020096 1.4217796 1.4217796 1.7925275 1.7925275 1.8456552 1.7632414 1.6479788 1.8533531 1.7730234 1.7185187 1.6283457 1.5834597 1.3418731 1.2573703 1.4262549 1.6090588 1.9768221 1.5615703 1.6589325 2.0344138 1.7039952 1.6431506 1.6761379 1.2007514 1.6898678 1.7300864 1.2206255 1.6994588 1.6994588 1.1939386 1.0723531 1.0723531 2.0590871 1.8381457 1.0013437 1.7563207 1.7934319 1.7246917 1.6717946 1.6677307 1.2926236 0.8681820 1.7148770 1.8347187 1.8863413 1.9382902 1.0314868 0.9888634 1.1041919 1.1647083 1.0986224 1.2372890 1.2171517 1.1696682 1.9754242 2.0113245 2.1001827 2.0924443 1.8428114 2.0422811 1.0298884 0.9142001 1.0008531 1.0194779 1.0468636 
Niben101Scf39270g00002.1 1.6932847 1.4939744 0.7130976 0.6965732 0.6965732 0.2218765 0.1135394 0.0000000 1.3407589 1.2518925 1.8083911 1.5371376 1.2792314 1.5975253 1.5943808 1.4448270 1.4448270 1.3018186 1.3018186 1.5019777 1.5019777 1.6140004 1.4820735 1.3903054 1.3351112 1.2505812 1.2577652 1.3149302 1.2969302 1.1878696 1.1978222 1.2473426 1.3424867 1.3502182 1.2923760 1.4211235 1.6709666 1.4754737 1.3090915 1.4647049 1.1352714 1.6207195 1.5554590 1.1003213 1.4500986 1.4500986 1.1649489 1.0662030 1.0662030 1.4325788 1.3162444 0.9232903 1.5430547 1.5432490 1.4231840 1.3684063 1.3762224 1.2794892 0.7802177 1.5319149 1.4196794 1.4395132 1.3216900 0.9498074 0.9239680 1.1670317 1.1575402 1.1017525 1.2794930 1.2730647 1.0258189 1.7444687 1.7764621 1.7591945 1.8565180 1.5347795 2.0477461 0.9686491 0.8501036 0.9326639 0.9504066 0.9778180 
Niben101Scf00878g04013.1 1.8920879 1.7656893 1.4906186 1.5022439 1.5022439 1.6068831 1.4883419 1.3407589 0.0000000 0.3716577 1.2587430 1.3985566 1.4687694 1.4188897 1.4431095 1.4655007 1.4655007 1.2747832 1.2747832 1.3566806 1.3566806 1.0005554 1.5777264 1.3294091 1.9455056 1.8415784 1.8393376 1.0204570 1.4130571 1.1686919 0.9857623 0.7749086 0.8971075 0.9698657 0.8668586 1.0207606 1.2363731 1.0258521 1.0696254 1.3853233 1.0635109 1.0828267 1.3146129 1.0179996 1.4460523 1.4460523 1.1035697 1.0650338 1.0650338 1.5984682 1.2666745 1.2489447 1.1512123 1.2084137 1.4468210 1.3656315 1.3887777 1.7004608 0.9182358 1.4251195 1.4420015 1.3897590 1.2763921 0.9015952 1.0421061 1.2142219 1.3421902 1.0278905 1.0589313 1.0911506 1.5685509 1.5015178 1.4854917 1.1801551 1.2092824 1.0274593 0.9969039 0.9757430 1.0456702 0.9659674 0.9989569 1.0150629 
Niben101Scf04462g01007.1 1.9338640 1.6616205 1.5591273 1.5217860 1.5217860 1.6078069 1.4478246 1.2518925 0.3716577 0.0000000 1.4553630 1.6971840 1.6768142 1.6827223 1.7533188 1.4399556 1.4399556 1.3716769 1.3716769 1.4420270 1.4420270 1.4126178 1.6580874 1.5053817 2.3416698 1.9865539 1.9963725 1.4683269 1.5537656 1.1796208 1.1773716 0.6998728 1.2498196 1.3198452 1.2521598 1.2430699 1.5145640 1.3498633 1.2910401 1.6215391 1.1598115 1.1970795 1.0797386 0.8627621 1.5297320 1.5297320 1.1437710 1.1406806 1.1406806 2.0709514 1.3859296 1.2399368 1.3306247 1.3504048 1.5039684 1.4801569 1.5299253 1.3681812 0.7976264 1.7351955 1.6324076 1.4825850 1.5410209 0.8862897 1.0077739 1.1400380 1.2862137 1.0087053 1.1753730 1.2285088 1.8532233 1.6607359 1.6913003 1.5258915 1.3271832 1.3316012 1.3295064 0.9530461 1.1239164 1.0239151 1.0502353 1.0214837 
Solyc04g045560.2.1       1.7980819 1.3975523 2.0117200 2.0419797 2.0419797 1.8647652 1.9225672 1.8083911 1.2587430 1.4553630 0.0000000 0.8384928 0.5953174 0.7769918 0.7996505 1.1936103 1.1936103 1.1251325 1.1251325 1.0191123 1.0191123 1.5244501 1.2695044 1.3367156 1.3282791 1.2690212 1.3278855 1.3059260 1.6316135 1.2656176 1.1922782 1.3099372 1.3813813 1.3309816 1.3673509 1.3334380 1.5066338 1.5583341 1.2451502 1.4116571 1.2519914 1.3195040 1.4693109 0.9371258 1.4234735 1.4234735 1.0379085 1.1456113 1.1456113 1.7712658 1.7014895 1.1105459 1.4284258 1.4912722 1.5404598 1.5824934 1.5493271 1.4012407 0.9588187 1.9044796 1.8749195 1.9908371 1.4292462 0.9007320 0.9458292 1.2190924 1.2784784 0.9953571 1.1583640 1.0898522 1.1065923 1.4061773 1.4226422 1.3049673 1.4028210 1.2662802 1.4341041 1.0314026 1.0492341 0.9227656 0.9293102 0.9391855 
Solyc05g015510.2.1       1.9073374 1.4403345 1.9994560 2.0586396 2.0586396 1.9646978 1.7520302 1.5371376 1.3985566 1.6971840 0.8384928 0.0000000 0.2153318 0.1668472 0.1604077 0.9410191 0.9410191 0.9227786 0.9227786 0.9244586 0.9244586 1.4209459 1.4903605 1.3226272 1.7565503 1.7931119 1.8723075 1.4603263 1.7557761 1.6586657 1.3029784 1.4718873 1.4689083 1.2638427 1.4177487 1.4409062 1.7227067 1.9178410 1.5092070 1.5280846 1.4271196 1.4372637 1.4521260 0.8437167 1.3538623 1.3538623 1.0668967 1.1051323 1.1051323 2.0641250 1.8595049 1.1248329 1.9020938 1.7147038 1.7652049 1.7975485 1.7882353 1.3818653 0.7897531 1.7847183 2.0531485 2.1575913 1.7301335 0.8979183 0.8890773 1.0248908 1.1823105 0.9659371 1.1010051 1.1087139 1.1722021 1.4568385 1.3026127 1.2932262 1.3222551 1.3156707 1.6192892 1.0282056 0.9857815 1.0635394 1.0201555 1.0254770 
Niben101Scf03422g04024.1 1.7531806 1.2458262 1.4167758 1.4167758 1.4167758 1.6070725 1.3846620 1.2792314 1.4687694 1.6768142 0.5953174 0.2153318 0.0000000 0.0922109 0.0888162 0.7364952 0.7364952 0.6848039 0.6848039 0.7105149 0.7105149 0.9669840 1.3810509 1.1283419 1.5382061 1.4730491 1.5060066 0.9513200 1.3674314 1.4779531 1.3861739 1.3314586 0.9659555 0.8188296 0.8587468 0.8836784 1.1077456 1.8697505 1.4609962 1.0923182 1.4752444 0.6815064 0.7763620 0.8304217 1.0194363 1.0194363 0.9031111 0.8838568 0.8838568 1.4521373 1.1561184 1.2605693 1.3189349 1.2509439 1.2141799 1.4592827 1.4083933 1.1971393 0.8979564 1.5831467 1.5305716 1.2422149 1.0806413 0.8302652 0.8497234 1.0312878 1.2047831 0.8634171 1.0519853 1.0279309 1.1878780 1.2849557 1.0990875 0.8660906 1.0238998 0.9976733 0.7767582 1.0185469 0.9803780 1.0533830 0.9938961 1.0107586 
Niben101Scf01602g03005.1 1.8441587 1.4203853 2.0211116 2.0575288 2.0575288 1.8572001 1.7212290 1.5975253 1.4188897 1.6827223 0.7769918 0.1668472 0.0922109 0.0000000 0.0458015 0.9398325 0.9398325 0.9262803 0.9262803 0.8956509 0.8956509 1.3095588 1.4334802 1.2772909 1.7787895 1.8130883 1.8300317 1.5323283 1.7343599 1.5804131 1.3373339 1.4134567 1.4115844 1.2051306 1.3551768 1.3408749 1.6078027 1.7594422 1.6227973 1.5026858 1.4104912 1.4614176 1.5244966 0.8906307 1.3265712 1.3265712 1.1246847 1.0109619 1.0109619 1.9022224 1.8294773 1.2075544 1.7186104 1.5849775 1.6365226 1.7531906 1.7215908 1.3156394 0.8902760 1.7588136 1.9243035 1.9639898 1.5608475 0.9367007 0.9109355 1.0416455 1.1966840 0.9265011 1.1593021 1.1127759 1.1848286 1.3875633 1.2591216 1.2248401 1.2598684 1.2466380 1.4814345 1.0312725 1.0250246 1.0684479 1.0231718 1.0375337 
Niben101Scf19371g00001.1 1.8207600 1.4005685 2.0115583 2.0544346 2.0544346 1.8345299 1.6903410 1.5943808 1.4431095 1.7533188 0.7996505 0.1604077 0.0888162 0.0458015 0.0000000 0.9498151 0.9498151 0.9471288 0.9471288 0.9215645 0.9215645 1.3782286 1.4814242 1.2991061 1.8150989 1.8442039 1.8907590 1.5227881 1.6945756 1.6470343 1.4085179 1.4689602 1.3884689 1.2025900 1.3544039 1.3612124 1.6947653 1.7438557 1.6495452 1.5272247 1.4426790 1.4810825 1.5168926 0.9019622 1.3441446 1.3441446 1.0972964 1.0034921 1.0034921 1.9520189 1.9080482 1.1489331 1.7832417 1.6207216 1.6100200 1.7611521 1.7238059 1.2789651 0.8585195 1.7263889 1.9632311 2.0547255 1.6269127 0.9434768 0.9240956 1.0369134 1.1767741 0.9458421 1.1305642 1.1006465 1.1902214 1.3936387 1.2986144 1.2532176 1.2997169 1.2593628 1.4813153 1.0096979 0.9949040 1.0471538 0.9940790 1.0078407 
AtSPL11.2                1.7584037 1.3406311 1.5858843 1.5805514 1.5805514 1.6713388 1.5020096 1.4448270 1.4655007 1.4399556 1.1936103 0.9410191 0.7364952 0.9398325 0.9498151 0.0000000 0.0000010 0.1484421 0.1484421 0.7164784 0.7164784 1.1416702 1.4458596 1.1925346 1.5965020 1.5957853 1.5874810 1.1120184 1.4708036 1.5091037 1.3091795 1.3267117 1.1478994 1.0806099 1.1138810 1.0544757 1.2643836 1.5670052 1.3949299 1.2572575 1.4793763 1.1569017 1.2381089 0.9086858 1.2055132 1.2055132 1.0780025 1.1276621 1.1276621 1.7764333 1.5716259 1.0465046 1.5401270 1.6012322 1.5028954 1.5537381 1.5598450 1.0775150 0.8170667 1.5118724 1.6518901 1.6152852 1.3295588 0.8497290 0.7845476 0.9760662 1.0565852 0.9862062 1.1718474 1.1566452 1.1780671 1.3856024 1.3920407 1.2692946 1.2428802 1.1416814 1.4859127 0.9021265 0.9347911 0.8359905 0.8608355 0.8633991 
AtSPL11.3                1.7584037 1.3406311 1.5858843 1.5805514 1.5805514 1.6713388 1.5020096 1.4448270 1.4655007 1.4399556 1.1936103 0.9410191 0.7364952 0.9398325 0.9498151 0.0000010 0.0000000 0.1484421 0.1484421 0.7164784 0.7164784 1.1416702 1.4458596 1.1925346 1.5965020 1.5957853 1.5874810 1.1120184 1.4708036 1.5091037 1.3091795 1.3267117 1.1478994 1.0806099 1.1138810 1.0544757 1.2643836 1.5670052 1.3949299 1.2572575 1.4793763 1.1569017 1.2381089 0.9086858 1.2055132 1.2055132 1.0780025 1.1276621 1.1276621 1.7764333 1.5716259 1.0465046 1.5401270 1.6012322 1.5028954 1.5537381 1.5598450 1.0775150 0.8170667 1.5118724 1.6518901 1.6152852 1.3295588 0.8497290 0.7845476 0.9760662 1.0565852 0.9862062 1.1718474 1.1566452 1.1780671 1.3856024 1.3920407 1.2692946 1.2428802 1.1416814 1.4859127 0.9021265 0.9347911 0.8359905 0.8608355 0.8633991 
AtSPL10.2                1.7488018 1.3220270 1.5451988 1.5434430 1.5434430 1.5924326 1.4217796 1.3018186 1.2747832 1.3716769 1.1251325 0.9227786 0.6848039 0.9262803 0.9471288 0.1484421 0.1484421 0.0000000 0.0000010 0.7286333 0.7286333 1.0917002 1.4737352 1.2074165 1.6193340 1.5328207 1.5267418 1.2040322 1.4369208 1.4552802 1.2234225 1.2967138 1.1527636 1.0603021 1.0674959 1.0578814 1.2514448 1.5582867 1.3421712 1.1880176 1.4688900 1.1087421 1.1709431 0.8043555 1.2020214 1.2020214 1.1131407 1.1406136 1.1406136 1.6293258 1.6048180 1.0581858 1.4374676 1.4825603 1.5360135 1.5059000 1.4882937 1.0557780 0.7977370 1.5528021 1.5644016 1.6014044 1.3073439 0.8624462 0.7839221 1.0024671 1.0452673 0.9590574 1.1840590 1.0947239 1.1467923 1.3257440 1.3131275 1.2517323 1.2093390 1.0996604 1.4602408 0.8729657 0.9026069 0.8886705 0.9021163 0.9203314 
AtSPL10.1                1.7488018 1.3220270 1.5451988 1.5434430 1.5434430 1.5924326 1.4217796 1.3018186 1.2747832 1.3716769 1.1251325 0.9227786 0.6848039 0.9262803 0.9471288 0.1484421 0.1484421 0.0000010 0.0000000 0.7286333 0.7286333 1.0917002 1.4737352 1.2074165 1.6193340 1.5328207 1.5267418 1.2040322 1.4369208 1.4552802 1.2234225 1.2967138 1.1527636 1.0603021 1.0674959 1.0578814 1.2514448 1.5582867 1.3421712 1.1880176 1.4688900 1.1087421 1.1709431 0.8043555 1.2020214 1.2020214 1.1131407 1.1406136 1.1406136 1.6293258 1.6048180 1.0581858 1.4374676 1.4825603 1.5360135 1.5059000 1.4882937 1.0557780 0.7977370 1.5528021 1.5644016 1.6014044 1.3073439 0.8624462 0.7839221 1.0024671 1.0452673 0.9590574 1.1840590 1.0947239 1.1467923 1.3257440 1.3131275 1.2517323 1.2093390 1.0996604 1.4602408 0.8729657 0.9026069 0.8886705 0.9021163 0.9203314 
AtSPL2.3                 2.0282566 1.3579819 1.7580884 1.8147363 1.8147363 1.8819727 1.7925275 1.5019777 1.3566806 1.4420270 1.0191123 0.9244586 0.7105149 0.8956509 0.9215645 0.7164784 0.7164784 0.7286333 0.7286333 0.0000000 0.0000010 1.1868002 1.4193512 1.3146736 1.4834996 1.3776831 1.4316598 1.0920491 1.5620704 1.4517059 1.2535004 1.3932851 1.2883886 1.1252496 1.1598867 1.1137868 1.2081947 1.7988791 1.3654305 1.2889961 1.3126343 1.2523633 1.2525421 0.9339931 1.3144818 1.3144818 0.9796215 1.0690149 1.0690149 1.7887521 1.4313618 1.0005729 1.5626469 1.5824361 1.4794407 1.5078793 1.5079557 1.1264245 0.7807270 1.4841617 1.4335477 1.3423879 1.3112362 0.7676685 0.8270889 1.0510765 1.1826037 0.9081204 1.1460126 1.1079254 1.2643912 1.4342527 1.3068037 1.2028108 1.2183955 1.0958609 1.2814636 0.8852903 0.8602575 0.8782636 0.9087982 0.9294678 
AtSPL2.2                 2.0282566 1.3579819 1.7580884 1.8147363 1.8147363 1.8819727 1.7925275 1.5019777 1.3566806 1.4420270 1.0191123 0.9244586 0.7105149 0.8956509 0.9215645 0.7164784 0.7164784 0.7286333 0.7286333 0.0000010 0.0000000 1.1868002 1.4193512 1.3146736 1.4834996 1.3776831 1.4316598 1.0920491 1.5620704 1.4517059 1.2535004 1.3932851 1.2883886 1.1252496 1.1598867 1.1137868 1.2081947 1.7988791 1.3654305 1.2889961 1.3126343 1.2523633 1.2525421 0.9339931 1.3144818 1.3144818 0.9796215 1.0690149 1.0690149 1.7887521 1.4313618 1.0005729 1.5626469 1.5824361 1.4794407 1.5078793 1.5079557 1.1264245 0.7807270 1.4841617 1.4335477 1.3423879 1.3112362 0.7676685 0.8270889 1.0510765 1.1826037 0.9081204 1.1460126 1.1079254 1.2643912 1.4342527 1.3068037 1.2028108 1.2183955 1.0958609 1.2814636 0.8852903 0.8602575 0.8782636 0.9087982 0.9294678 
AtSPL9.1                 1.8028739 1.6755843 1.7359085 1.7463239 1.7463239 1.9190807 1.8456552 1.6140004 1.0005554 1.4126178 1.5244501 1.4209459 0.9669840 1.3095588 1.3782286 1.1416702 1.1416702 1.0917002 1.0917002 1.1868002 1.1868002 0.0000000 1.4389918 1.2161503 1.4866800 1.3241598 1.3042442 0.6964004 1.4345197 1.0668662 1.0789005 1.1481008 0.9256068 1.1798326 0.8823834 0.9775290 1.2418842 1.0667028 1.1265506 1.2244701 1.0996080 1.3878402 1.5749241 0.8314103 1.2491458 1.2491458 0.9007522 0.9260364 0.9260364 1.7201519 1.5380711 1.0266185 1.4314668 1.3966465 1.4985390 1.3807064 1.3268815 1.2087240 0.7753359 1.5147125 1.6280519 1.5252924 1.4137730 0.8948013 0.8518126 0.9873952 1.2256675 1.0562090 1.0736143 1.0159332 0.9921047 1.3357965 1.2853681 1.2728372 1.4994512 1.3449494 1.4783799 0.9843828 0.9883253 1.1910428 1.0339175 1.0757181 
Niben101Scf00821g02001.1 2.7281661 1.7346245 1.8800207 1.9306800 1.9306800 2.0605179 1.7632414 1.4820735 1.5777264 1.6580874 1.2695044 1.4903605 1.3810509 1.4334802 1.4814242 1.4458596 1.4458596 1.4737352 1.4737352 1.4193512 1.4193512 1.4389918 0.0000000 0.3541824 0.7808088 0.7153759 0.7136594 1.2872261 2.2166298 1.5934103 1.5600364 1.5966033 1.3297001 1.2534694 1.1792200 1.4092110 1.5201865 2.2741630 1.7477950 1.0653476 1.4786427 1.3170793 1.2553839 0.7260256 1.4134820 1.4134820 1.1287925 1.0370506 1.0370506 1.7690389 1.7102093 1.0494891 1.6688270 1.7444943 1.8018334 1.9223298 1.9221818 1.1871435 0.7392643 1.8752806 2.0042142 1.5266097 1.4779300 0.9533354 0.9693222 0.9774301 0.9059223 0.9530223 1.0426248 1.0781249 1.0138920 1.0375669 1.0918432 1.0190089 1.0703246 1.0017769 0.9980556 0.9766388 1.0875096 0.9805623 1.0104757 1.0080100 
Niben101Scf20316g00003.1 2.2286930 1.8050166 1.8038277 1.7787300 1.7787300 1.8035585 1.6479788 1.3903054 1.3294091 1.5053817 1.3367156 1.3226272 1.1283419 1.2772909 1.2991061 1.1925346 1.1925346 1.2074165 1.2074165 1.3146736 1.3146736 1.2161503 0.3541824 0.0000000 0.7174725 0.6702041 0.6625160 1.2328727 1.6472007 1.2013885 1.2201182 1.2849995 1.3487969 1.1958216 1.1899693 1.2147777 1.3899727 1.4600689 1.2705250 1.0897324 1.2139638 1.3150923 1.4146531 0.7910064 1.3033231 1.3033231 1.1127114 0.9603168 0.9603168 1.5816173 1.4346557 1.0320298 1.6712552 1.7394460 1.6085920 1.6777076 1.6749425 1.2183826 0.5805475 1.6590035 1.6577328 1.5595840 1.5942561 0.9495447 0.9353859 0.9325587 0.9499930 0.9654605 1.1565900 1.1536461 0.8218299 0.8987737 0.9313484 0.9984169 1.0323331 0.9609739 0.8803227 0.9502751 1.0082034 0.9095738 0.9402570 0.9471274 
Solyc05g012040.2.1       2.8452364 1.5672218 1.9337009 1.9486853 1.9486853 1.8056600 1.8533531 1.3351112 1.9455056 2.3416698 1.3282791 1.7565503 1.5382061 1.7787895 1.8150989 1.5965020 1.5965020 1.6193340 1.6193340 1.4834996 1.4834996 1.4866800 0.7808088 0.7174725 0.0000000 0.3814108 0.3763080 1.4363986 1.7043836 1.5132840 1.4750514 1.5078612 1.3193738 1.3555428 1.2793635 1.4163786 1.4990124 2.0568402 1.6438093 0.9971263 1.5303603 1.2606928 1.3646992 0.7852292 1.3454527 1.3454527 1.0805626 1.0955537 1.0955537 1.7865218 1.6062433 0.9166737 1.6313525 1.7136737 1.7542461 1.7764245 1.7083963 1.2952448 0.6587174 1.7433828 1.6183691 1.6438452 1.5196431 0.9488521 0.9381164 0.8854284 0.9861733 0.9495270 1.1014883 1.1283450 1.1536378 1.1371870 1.1605274 0.9877264 1.1891951 1.0645242 0.9569641 0.8889008 1.0029248 0.8349685 0.8400679 0.8438872 
Niben101Scf01310g00001.1 2.6857292 1.6363917 1.7737545 1.7942191 1.7942191 1.8294940 1.7730234 1.2505812 1.8415784 1.9865539 1.2690212 1.7931119 1.4730491 1.8130883 1.8442039 1.5957853 1.5957853 1.5328207 1.5328207 1.3776831 1.3776831 1.3241598 0.7153759 0.6702041 0.3814108 0.0000000 0.0758182 1.3152567 1.6571765 1.4996634 1.4143468 1.3879463 1.2522195 1.2007788 1.1613827 1.3628108 1.4217991 2.0353750 1.6170790 1.0915013 1.3772662 1.2022765 1.2583338 0.7830531 1.3344001 1.3344001 1.0764180 1.0890919 1.0890919 1.6731178 1.5912316 0.9633348 1.5375419 1.6392158 1.6314052 1.6652172 1.5891057 1.2377458 0.7447841 1.7157899 1.8499463 1.6049523 1.4717046 0.9276374 0.8624971 0.9400188 0.9562155 0.8032964 1.0137151 0.9985369 1.0891346 1.0033796 1.0433732 0.8702257 1.0973799 0.9086768 0.9113233 0.8884403 1.0110078 0.8895730 0.9357947 0.9436574 
Niben101Scf02151g04021.1 2.6093002 1.6357276 1.7626473 1.7614934 1.7614934 1.8191734 1.7185187 1.2577652 1.8393376 1.9963725 1.3278855 1.8723075 1.5060066 1.8300317 1.8907590 1.5874810 1.5874810 1.5267418 1.5267418 1.4316598 1.4316598 1.3042442 0.7136594 0.6625160 0.3763080 0.0758182 0.0000000 1.3618192 1.7200409 1.5621545 1.4215842 1.3919299 1.2511933 1.2229628 1.1448900 1.3668664 1.4340917 2.0800625 1.6014319 1.0672183 1.4017923 1.1978200 1.2580729 0.7338809 1.3024861 1.3024861 1.0770167 1.1165574 1.1165574 1.6568332 1.5614924 0.9666467 1.6384881 1.7209475 1.6995654 1.6470473 1.5738899 1.2047710 0.7036245 1.7255070 1.8743326 1.6107627 1.4921517 0.9244061 0.8877229 0.9378450 0.9841081 0.8087084 1.0179899 1.0020435 1.0517044 0.9962690 1.0482369 0.9147473 1.1332955 0.9266373 0.9291173 0.8957347 1.0129047 0.8727216 0.9038631 0.9114236 
AtSPL15.1                1.9985950 1.6012308 1.6850786 1.6535792 1.6535792 1.5989101 1.6283457 1.3149302 1.0204570 1.4683269 1.3059260 1.4603263 0.9513200 1.5323283 1.5227881 1.1120184 1.1120184 1.2040322 1.2040322 1.0920491 1.0920491 0.6964004 1.2872261 1.2328727 1.4363986 1.3152567 1.3618192 0.0000000 1.5180910 1.0828740 1.0073645 1.0375357 1.0959218 1.3099037 1.0919290 1.2124928 1.5080410 0.9097287 0.9573763 1.3654733 1.1737760 1.3118811 1.5466332 0.9040880 1.3643522 1.3643522 1.1934089 1.0037444 1.0037444 1.6757350 1.4931006 1.0422902 1.4432286 1.4419812 1.4471368 1.4454244 1.4148800 1.3813883 0.7650983 1.3653485 1.4856551 1.4754960 1.5018434 0.9797049 0.9304084 0.9101511 1.1050187 0.8936519 1.1107584 1.1055248 0.9729762 1.3882947 1.3746031 1.3110773 1.7785970 1.4186499 1.6310017 1.0378239 1.0000721 1.0316638 1.0319351 1.0242897 
Niben101Scf10743g02013.1 2.1707829 1.7345041 1.8282273 1.8810688 1.8810688 1.6927051 1.5834597 1.2969302 1.4130571 1.5537656 1.6316135 1.7557761 1.3674314 1.7343599 1.6945756 1.4708036 1.4708036 1.4369208 1.4369208 1.5620704 1.5620704 1.4345197 2.2166298 1.6472007 1.7043836 1.6571765 1.7200409 1.5180910 0.0000000 1.3779392 1.2494857 1.6156618 1.4582125 1.4345955 1.4222115 1.4489762 1.7096602 1.8993797 1.7596557 1.4392075 1.3039438 1.4124792 1.6132563 1.0886712 1.4543986 1.4543986 1.0729764 1.0403206 1.0403206 1.6024554 1.5446659 0.8819040 1.3551921 1.3931746 1.4453802 1.5508164 1.5858388 1.3904893 0.7540770 1.5697306 1.6580066 1.5991577 1.5042863 1.0569885 0.8577625 1.0261734 1.1058972 0.9892000 1.0752903 1.0605689 1.5789277 1.4184539 1.5436382 1.4965356 1.6312977 1.5501105 1.4633172 0.8063847 0.7827169 0.8463288 0.8478555 0.8426239 
Niben101Scf05439g04002.1 1.8755124 1.8542256 1.5096778 1.5094773 1.5094773 1.6519919 1.3418731 1.1878696 1.1686919 1.1796208 1.2656176 1.6586657 1.4779531 1.5804131 1.6470343 1.5091037 1.5091037 1.4552802 1.4552802 1.4517059 1.4517059 1.0668662 1.5934103 1.2013885 1.5132840 1.4996634 1.5621545 1.0828740 1.3779392 0.0000000 0.4654506 0.6895202 1.0364219 1.0220520 1.0721481 1.2241077 1.2739865 1.1016618 1.0351231 1.3496046 0.6723327 0.9767418 1.1584148 1.0599580 1.3369442 1.3369442 0.9958314 0.9672068 0.9672068 1.3089478 1.0375174 0.8179570 1.3088314 1.3303755 1.3641722 1.3274007 1.3375569 1.2454703 0.7378405 1.3998431 1.4970505 1.3516735 1.2414927 0.7649821 0.7322960 0.9732217 0.9731982 0.7881958 0.9619005 0.9932422 1.2678108 1.3777447 1.3477317 1.1430262 1.1263473 1.0711562 1.0262204 0.8253146 0.8939062 0.8986216 0.9159427 0.9316578 
Niben101Scf10743g02014.1 1.9599862 1.9047907 1.3235438 1.3426022 1.3426022 1.5272176 1.2573703 1.1978222 0.9857623 1.1773716 1.1922782 1.3029784 1.3861739 1.3373339 1.4085179 1.3091795 1.3091795 1.2234225 1.2234225 1.2535004 1.2535004 1.0789005 1.5600364 1.2201182 1.4750514 1.4143468 1.4215842 1.0073645 1.2494857 0.4654506 0.0000000 0.9483596 1.0052006 0.9590004 1.0436344 1.0814846 1.0806967 1.0836386 1.0718704 1.1403396 0.5958899 0.8135357 0.9980889 0.9983551 1.1112614 1.1112614 1.1307406 1.0371892 1.0371892 1.2637073 0.9929861 0.8575238 1.1976235 1.1720625 1.2981331 1.1858386 1.2014399 1.1098567 0.7654138 1.3496125 1.4304649 1.1826781 1.1713527 0.7586453 0.7301271 0.9256372 1.0461606 0.7255788 0.9051535 0.8326266 1.3124232 1.2698196 1.2786693 1.1111785 1.1030461 0.9607672 0.8283649 0.8879723 0.9797302 0.8931360 0.9270192 0.9215444 
Solyc01g090730.2.1       1.9364349 1.6019101 1.3843836 1.3577474 1.3577474 1.4999072 1.4262549 1.2473426 0.7749086 0.6998728 1.3099372 1.4718873 1.3314586 1.4134567 1.4689602 1.3267117 1.3267117 1.2967138 1.2967138 1.3932851 1.3932851 1.1481008 1.5966033 1.2849995 1.5078612 1.3879463 1.3919299 1.0375357 1.6156618 0.6895202 0.9483596 0.0000000 1.0952653 1.1702662 1.1269294 1.2590427 1.5162115 1.0632941 1.1441815 1.2739254 0.9228957 0.9041576 1.1453522 0.7738938 1.2640748 1.2640748 0.9393607 0.9985888 0.9985888 1.3473408 1.1010359 0.8628586 1.2705156 1.2832690 1.3906936 1.3668949 1.3772578 1.1656861 0.7735941 1.5835524 1.4407264 1.2954951 1.2130224 0.7721320 0.7919971 0.9144974 1.0379424 0.7853899 1.0314789 1.0465845 1.4201245 1.3441262 1.4451230 1.1890689 1.1802603 1.1709661 1.1641773 0.8713877 0.8426576 0.8581176 0.8496161 0.8645966 
Solyc10g078700.1.1       2.1361573 1.6665964 1.8894858 1.9609751 1.9609751 1.5018141 1.6090588 1.3424867 0.8971075 1.2498196 1.3813813 1.4689083 0.9659555 1.4115844 1.3884689 1.1478994 1.1478994 1.1527636 1.1527636 1.2883886 1.2883886 0.9256068 1.3297001 1.3487969 1.3193738 1.2522195 1.2511933 1.0959218 1.4582125 1.0364219 1.0052006 1.0952653 0.0000000 0.4976880 0.2642471 0.5273374 0.6204317 1.0186673 0.9732242 1.2288693 1.0930915 1.2632727 1.4546998 1.0147682 1.2678012 1.2678012 1.0096158 1.0533940 1.0533940 1.6819343 1.4439296 1.0539357 1.4413344 1.5049239 1.5334321 1.4303427 1.4190584 1.3240617 0.7266444 1.3735810 1.5198235 1.4306317 1.4790026 0.7715032 0.7813198 1.0116107 1.1475535 1.0235934 1.0693802 1.1032989 1.0280679 1.3166749 1.3263924 1.2042732 1.5648114 1.2674621 1.5452848 0.8466285 0.9154812 0.8504836 0.9377939 0.9166069 
Niben101Scf00340g00006.1 2.2168526 1.4020671 1.9886781 2.0226372 2.0226372 1.8767559 1.9768221 1.3502182 0.9698657 1.3198452 1.3309816 1.2638427 0.8188296 1.2051306 1.2025900 1.0806099 1.0806099 1.0603021 1.0603021 1.1252496 1.1252496 1.1798326 1.2534694 1.1958216 1.3555428 1.2007788 1.2229628 1.3099037 1.4345955 1.0220520 0.9590004 1.1702662 0.4976880 0.0000000 0.2434174 0.6063637 0.7838469 1.0709147 1.0007669 1.1727215 1.0641444 1.2497968 1.3870352 0.9756608 1.2318821 1.2318821 0.9742915 1.0036998 1.0036998 2.0770019 1.6815692 0.9143585 1.6631593 1.7534003 1.7747253 1.6877246 1.6657610 1.2828697 0.5868980 1.3219340 1.8556503 1.7510107 1.6299721 0.7448648 0.7588520 1.0039122 1.0254386 0.9048249 1.0680402 1.0921790 0.9264739 1.1925557 1.3327508 1.2014553 1.4745190 1.1940606 1.3700481 0.7899164 0.7880178 0.7864418 0.8247128 0.8119425 
Niben101Scf04740g00007.1 2.1451306 1.4892371 1.6460364 1.7115718 1.7115718 1.5582298 1.5615703 1.2923760 0.8668586 1.2521598 1.3673509 1.4177487 0.8587468 1.3551768 1.3544039 1.1138810 1.1138810 1.0674959 1.0674959 1.1598867 1.1598867 0.8823834 1.1792200 1.1899693 1.2793635 1.1613827 1.1448900 1.0919290 1.4222115 1.0721481 1.0436344 1.1269294 0.2642471 0.2434174 0.0000000 0.4328487 0.5573246 1.0743180 1.0686432 1.2343540 1.1457814 1.3368167 1.4393937 0.9780848 1.2561469 1.2561469 0.9329945 0.9864005 0.9864005 1.6114224 1.4099364 0.9708008 1.4010443 1.4508532 1.4805992 1.4555189 1.4373962 1.2064775 0.6258627 1.3140199 1.4883586 1.3739213 1.4420337 0.8216637 0.8437920 1.0235924 1.0553074 0.9020304 1.1283497 1.1775277 1.0254426 1.2145323 1.2421062 1.1677933 1.4676684 1.2074144 1.5134877 0.8523312 0.8503462 0.8530206 0.9032568 0.8983827 
Niben101Scf00037g02016.1 2.0869550 1.5559309 1.6335101 1.6755500 1.6755500 1.5964861 1.6589325 1.4211235 1.0207606 1.2430699 1.3334380 1.4409062 0.8836784 1.3408749 1.3612124 1.0544757 1.0544757 1.0578814 1.0578814 1.1137868 1.1137868 0.9775290 1.4092110 1.2147777 1.4163786 1.3628108 1.3668664 1.2124928 1.4489762 1.2241077 1.0814846 1.2590427 0.5273374 0.6063637 0.4328487 0.0000000 0.1987669 1.1535160 1.0492492 1.3040521 1.0607893 1.3174605 1.5439932 0.9478472 1.2208132 1.2208132 0.9570565 1.0834250 1.0834250 1.7849009 1.5225076 1.0155581 1.5316033 1.5498906 1.5378674 1.4572028 1.4243805 1.1411187 0.6837057 1.3821247 1.4660293 1.3898595 1.4025216 0.7505909 0.8299539 1.0268849 1.0875898 0.9364699 1.1115590 1.1308632 1.0198228 1.2662429 1.2546943 1.2966236 1.5385166 1.2950590 1.3828492 0.8444026 0.8603718 0.8516243 0.8308404 0.8195832 
Niben101Scf03494g12028.1 2.4755759 1.7488156 2.0299852 2.0665092 2.0665092 1.8188159 2.0344138 1.6709666 1.2363731 1.5145640 1.5066338 1.7227067 1.1077456 1.6078027 1.6947653 1.2643836 1.2643836 1.2514448 1.2514448 1.2081947 1.2081947 1.2418842 1.5201865 1.3899727 1.4990124 1.4217991 1.4340917 1.5080410 1.7096602 1.2739865 1.0806967 1.5162115 0.6204317 0.7838469 0.5573246 0.1987669 0.0000000 1.6896056 1.2578762 1.6700768 1.2681674 1.4587500 1.6477697 1.0642459 1.4446265 1.4446265 1.2615260 1.2700775 1.2700775 1.9474885 1.7832955 1.1797193 1.5817264 1.6567410 1.7454403 1.7044356 1.6519477 1.2738922 0.9697739 1.6251854 1.6720234 1.4988674 1.5363787 0.9854922 1.1117261 1.1494955 1.1921627 1.0478001 1.2363475 1.3054410 1.0822799 1.3920557 1.3869004 1.5870316 1.6370469 1.5450636 1.3725266 1.0793781 1.1199755 1.0800107 1.1072997 1.0487626 
AtSPL8.2                 1.8529368 2.4568061 1.6259418 1.6259418 1.6259418 1.6909948 1.7039952 1.4754737 1.0258521 1.3498633 1.5583341 1.9178410 1.8697505 1.7594422 1.7438557 1.5670052 1.5670052 1.5582867 1.5582867 1.7988791 1.7988791 1.0667028 2.2741630 1.4600689 2.0568402 2.0353750 2.0800625 0.9097287 1.8993797 1.1016618 1.0836386 1.0632941 1.0186673 1.0709147 1.0743180 1.1535160 1.6896056 0.0000000 0.1755405 1.2820597 1.3813903 0.8890967 1.2139264 1.0725085 1.5389755 1.5389755 1.1226301 1.0332468 1.0332468 1.5076906 1.4323951 1.0792418 1.4771970 1.4264770 1.6109190 1.4865102 1.5121748 1.4570052 0.9252333 1.6293082 1.5170325 1.5341245 1.1688729 0.7710638 0.7778893 0.9535869 1.1996958 1.0803322 0.9093367 0.9146551 1.6477064 1.8476975 1.5185086 1.1901715 1.3142218 1.0118608 1.0938901 1.0524699 1.1257059 1.0946591 1.0593803 1.0639871 
AtSPL8.1                 1.5676451 1.9090617 1.5296860 1.5126428 1.5126428 1.6101728 1.6431506 1.3090915 1.0696254 1.2910401 1.2451502 1.5092070 1.4609962 1.6227973 1.6495452 1.3949299 1.3949299 1.3421712 1.3421712 1.3654305 1.3654305 1.1265506 1.7477950 1.2705250 1.6438093 1.6170790 1.6014319 0.9573763 1.7596557 1.0351231 1.0718704 1.1441815 0.9732242 1.0007669 1.0686432 1.0492492 1.2578762 0.1755405 0.0000000 1.2678919 1.1694002 1.0186370 1.1092719 0.9492424 1.3974274 1.3974274 1.1003069 1.0557587 1.0557587 1.4686615 1.2879025 0.9381623 1.4822279 1.4476619 1.5132215 1.4345722 1.4369241 1.3141750 0.8431113 1.3541525 1.5349886 1.3176643 1.2191781 0.7194670 0.7732254 1.0162772 1.2262140 0.9638186 1.0245297 1.0612922 1.4491387 1.5397614 1.4658434 1.2005880 1.2153469 1.0503494 1.2169620 0.9122777 0.9538704 0.9411304 0.8928844 0.8883797 
AtSPL6.1                 2.1245855 1.7602342 1.8055503 1.8612269 1.8612269 1.7939134 1.6761379 1.4647049 1.3853233 1.6215391 1.4116571 1.5280846 1.0923182 1.5026858 1.5272247 1.2572575 1.2572575 1.1880176 1.1880176 1.2889961 1.2889961 1.2244701 1.0653476 1.0897324 0.9971263 1.0915013 1.0672183 1.3654733 1.4392075 1.3496046 1.1403396 1.2739254 1.2288693 1.1727215 1.2343540 1.3040521 1.6700768 1.2820597 1.2678919 0.0000000 1.2697950 1.2520275 1.2927894 0.8944382 1.2283878 1.2283878 1.0133018 0.9410118 0.9410118 1.6302868 1.8000255 0.8494120 1.6259050 1.6149461 1.7571342 1.6339226 1.5363199 1.2369776 0.7024647 1.6450252 1.6525724 1.4904097 1.5284628 0.9123472 0.8421841 0.8950316 0.9924800 0.9442663 1.1031051 1.0858422 0.9466242 1.1595118 1.1429012 1.0849919 1.3636412 1.0644387 1.2573893 0.8982840 0.8665480 0.9245873 1.0062965 0.9984787 
Solyc10g018780.1.1       1.7795529 1.7650496 1.4922163 1.5221060 1.5221060 1.5677717 1.2007514 1.1352714 1.0635109 1.1598115 1.2519914 1.4271196 1.4752444 1.4104912 1.4426790 1.4793763 1.4793763 1.4688900 1.4688900 1.3126343 1.3126343 1.0996080 1.4786427 1.2139638 1.5303603 1.3772662 1.4017923 1.1737760 1.3039438 0.6723327 0.5958899 0.9228957 1.0930915 1.0641444 1.1457814 1.0607893 1.2681674 1.3813903 1.1694002 1.2697950 0.0000000 0.9372824 1.1332609 1.0256291 1.2449378 1.2449378 1.0106188 1.0104119 1.0104119 1.3226606 1.1569506 0.8136990 1.3411008 1.3378859 1.4252922 1.3154706 1.3330449 1.2343631 0.7090415 1.5116326 1.4577711 1.3085334 1.1406653 0.7618177 0.7277037 0.9555048 1.0561742 0.8337981 0.9434904 0.9333672 1.4297236 1.2050998 1.2739961 1.1659316 1.2615059 1.0982388 0.9177156 0.8201134 0.9140050 0.9022648 0.9273731 0.8995385 
Solyc05g015840.2.1       1.9148214 1.5416812 1.5517678 1.5361956 1.5361956 1.7632989 1.6898678 1.6207195 1.0828267 1.1970795 1.3195040 1.4372637 0.6815064 1.4614176 1.4810825 1.1569017 1.1569017 1.1087421 1.1087421 1.2523633 1.2523633 1.3878402 1.3170793 1.3150923 1.2606928 1.2022765 1.1978200 1.3118811 1.4124792 0.9767418 0.8135357 0.9041576 1.2632727 1.2497968 1.3368167 1.3174605 1.4587500 0.8890967 1.0186370 1.2520275 0.9372824 0.0000000 0.3918716 0.4042395 1.0548301 1.0548301 0.8704569 0.9317031 0.9317031 1.6812935 1.4937559 0.7046790 1.3416905 1.4182736 1.3536347 1.3293741 1.2876585 1.0779132 0.5866346 1.4800473 1.3376283 1.3682229 1.3537460 0.7625756 0.9425104 0.8401185 0.9099249 0.7809110 0.8252128 0.8326943 0.6547753 1.1664847 1.1647424 1.1874593 1.5972158 1.2905509 1.3886656 0.7157753 0.7144695 0.7005629 0.6979071 0.6959549 
Niben101Scf01950g02001.1 2.0894258 1.5474269 1.5625446 1.5951281 1.5951281 1.6970689 1.7300864 1.5554590 1.3146129 1.0797386 1.4693109 1.4521260 0.7763620 1.5244966 1.5168926 1.2381089 1.2381089 1.1709431 1.1709431 1.2525421 1.2525421 1.5749241 1.2553839 1.4146531 1.3646992 1.2583338 1.2580729 1.5466332 1.6132563 1.1584148 0.9980889 1.1453522 1.4546998 1.3870352 1.4393937 1.5439932 1.6477697 1.2139264 1.1092719 1.2927894 1.1332609 0.3918716 0.0000000 0.3424813 1.0200240 1.0200240 1.1165694 1.1479214 1.1479214 1.6434342 1.6887551 0.8104273 1.6734967 1.6959247 1.6273581 1.5292753 1.5259428 0.9570901 0.6347058 1.5978405 1.5859575 1.6312269 1.5197221 1.0145973 0.9840912 0.8406905 0.9407028 0.8580336 1.0957772 1.0835076 0.7946685 1.2801516 1.2771823 1.2367133 1.4501406 1.2805782 1.4505673 0.7357305 0.8433873 0.8145309 0.8033777 0.7865107 
Niben101Scf00366g00008.1 1.3050836 1.0817113 0.9327029 0.9327029 0.9327029 1.1170121 1.2206255 1.1003213 1.0179996 0.8627621 0.9371258 0.8437167 0.8304217 0.8906307 0.9019622 0.9086858 0.9086858 0.8043555 0.8043555 0.9339931 0.9339931 0.8314103 0.7260256 0.7910064 0.7852292 0.7830531 0.7338809 0.9040880 1.0886712 1.0599580 0.9983551 0.7738938 1.0147682 0.9756608 0.9780848 0.9478472 1.0642459 1.0725085 0.9492424 0.8944382 1.0256291 0.4042395 0.3424813 0.0000000 0.7255929 0.7255929 0.8387715 0.7900428 0.7900428 0.9815570 0.7851431 0.8189691 0.9907456 0.9917126 0.8218866 0.7612538 0.7670230 0.9455079 0.5895878 1.0275457 0.9359783 0.8531643 0.8622744 0.8543484 0.8651627 0.8540996 0.9273284 0.8271029 0.8524431 0.8223363 0.7280182 0.7222403 0.7109673 0.6707451 0.8754235 0.7258137 0.7696914 0.7722096 0.8177882 0.7252431 0.7691583 0.7654731 
AtSPL13a.2               2.1806564 1.6200532 1.5685597 1.6172367 1.6172367 1.6579819 1.6994588 1.4500986 1.4460523 1.5297320 1.4234735 1.3538623 1.0194363 1.3265712 1.3441446 1.2055132 1.2055132 1.2020214 1.2020214 1.3144818 1.3144818 1.2491458 1.4134820 1.3033231 1.3454527 1.3344001 1.3024861 1.3643522 1.4543986 1.3369442 1.1112614 1.2640748 1.2678012 1.2318821 1.2561469 1.2208132 1.4446265 1.5389755 1.3974274 1.2283878 1.2449378 1.0548301 1.0200240 0.7255929 0.0000000 0.0000010 1.0650462 0.8233709 0.8233709 1.6177090 1.4595701 0.9438301 1.4378092 1.3890254 1.3079761 1.4040175 1.3834998 1.0955491 0.6195055 1.4593619 1.5060101 1.3799859 1.3582561 0.7831864 0.8297079 0.8647643 0.9332285 0.8780456 1.0487801 1.0291797 1.0314136 1.2303308 1.2543628 1.0535502 1.1778567 1.0911934 1.3661177 0.8427402 0.9033947 0.9988188 1.0058543 1.0241427 
AtSPL13a.1               2.1806564 1.6200532 1.5685597 1.6172367 1.6172367 1.6579819 1.6994588 1.4500986 1.4460523 1.5297320 1.4234735 1.3538623 1.0194363 1.3265712 1.3441446 1.2055132 1.2055132 1.2020214 1.2020214 1.3144818 1.3144818 1.2491458 1.4134820 1.3033231 1.3454527 1.3344001 1.3024861 1.3643522 1.4543986 1.3369442 1.1112614 1.2640748 1.2678012 1.2318821 1.2561469 1.2208132 1.4446265 1.5389755 1.3974274 1.2283878 1.2449378 1.0548301 1.0200240 0.7255929 0.0000010 0.0000000 1.0650462 0.8233709 0.8233709 1.6177090 1.4595701 0.9438301 1.4378092 1.3890254 1.3079761 1.4040175 1.3834998 1.0955491 0.6195055 1.4593619 1.5060101 1.3799859 1.3582561 0.7831864 0.8297079 0.8647643 0.9332285 0.8780456 1.0487801 1.0291797 1.0314136 1.2303308 1.2543628 1.0535502 1.1778567 1.0911934 1.3661177 0.8427402 0.9033947 0.9988188 1.0058543 1.0241427 
AtSPL5.1                 1.5870938 1.4530250 1.3171706 1.2691428 1.2691428 1.1879661 1.1939386 1.1649489 1.1035697 1.1437710 1.0379085 1.0668967 0.9031111 1.1246847 1.0972964 1.0780025 1.0780025 1.1131407 1.1131407 0.9796215 0.9796215 0.9007522 1.1287925 1.1127114 1.0805626 1.0764180 1.0770167 1.1934089 1.0729764 0.9958314 1.1307406 0.9393607 1.0096158 0.9742915 0.9329945 0.9570565 1.2615260 1.1226301 1.1003069 1.0133018 1.0106188 0.8704569 1.1165694 0.8387715 1.0650462 1.0650462 0.0000000 0.4746272 0.4746272 1.0394640 1.0300206 0.7060980 1.0721856 0.9879019 1.0317315 1.0564248 1.0507917 1.1379792 0.7187488 1.0142860 1.1571157 0.9929006 0.9794848 0.6777683 0.7633241 0.7816614 0.9175682 0.8156768 0.7610251 0.7527048 0.9213925 1.0659762 0.9630120 1.0280549 1.2998219 1.1516877 1.0095876 0.6767925 0.7402801 0.6518214 0.6168489 0.6305112 
