82
CrCRR1                                                                      0.0000000 1.9308220 2.2747740 2.2940876 2.3014694 2.2233568 2.1230036 1.6904527 1.8895059 1.9308815 1.7949837 1.9041446 1.7500243 1.8409522 1.8176818 1.7557477 1.7557477 1.7462312 1.7462312 2.0251334 2.0251334 1.7997626 2.7250758 2.2253389 2.8416519 2.6825114 2.6060169 1.9951820 2.1675948 1.8727423 1.9569260 1.9334509 2.1325945 2.2133182 2.1414997 2.0831165 2.4712470 1.8502545 1.5651020 2.1212361 1.7770376 1.9115863 2.0856207 1.3029347 2.1769791 2.1769791 1.5845274 1.6576866 1.6576866 2.5215857 2.2177866 1.2749954 2.3080988 2.3171726 2.3498451 2.3495483 2.3644168 1.7430600 1.1872836 1.9789317 2.6742158 2.4600874 2.2487196 1.2293034 1.2586818 1.4907833 1.5896048 1.4987325 1.6307101 1.5801425 1.6880434 2.2863510 2.3083855 2.5182427 2.1915605 2.1578952 3.1247984 1.2442173 1.2192849 1.3483430 1.3436553 1.3722289 
Niben101Scf06461g03009.1|Nicotiana_benthamiana|SBP|Niben101Scf06461g03009.1 1.9308220 0.0000000 1.7983905 1.8298657 1.8298657 1.7752579 1.7860378 1.4918965 1.7635815 1.6595500 1.3956981 1.4383840 1.2440351 1.4184333 1.3986759 1.3388503 1.3388503 1.3203022 1.3203022 1.3562846 1.3562846 1.6730342 1.7325691 1.8031281 1.5651705 1.6343841 1.6338271 1.5988949 1.7320533 1.8518307 1.9024485 1.5998020 1.6639975 1.4000438 1.4868605 1.5536854 1.7461726 2.4536392 1.9060697 1.7582582 1.7631337 1.5396155 1.5453821 1.0804118 1.6180177 1.6180177 1.4507543 1.3842552 1.3842552 1.7831763 1.5891719 1.3306193 1.5053952 1.5004869 1.7684157 1.5120647 1.5126544 1.3640876 1.0926595 1.8345577 1.6583034 1.5792573 1.5589107 1.1640492 1.2367549 1.4011171 1.4094246 1.1652512 1.3133684 1.2743916 1.5200575 1.5443439 1.5868771 1.5543630 1.4939973 1.4781922 1.4748241 1.2364452 1.3311917 1.0929097 1.1391967 1.1359928 
AtSPL7.3                                                                    2.2747740 1.7983905 0.0000000 0.0087540 0.0084659 0.8551587 0.8573166 0.7122786 1.4885314 1.5568551 2.0087094 1.9969753 1.4147715 2.0185772 2.0090356 1.5837084 1.5837084 1.5431245 1.5431245 1.7555753 1.7555753 1.7332333 1.8776225 1.8014493 1.9310848 1.7712365 1.7601340 1.6826896 1.8256021 1.5075200 1.3216220 1.3824751 1.8866489 1.9857883 1.6434349 1.6309932 2.0269911 1.6231442 1.5272913 1.8031378 1.4901551 1.5494997 1.5600831 0.9314359 1.5661229 1.5661229 1.3151930 1.2203483 1.2203483 2.1188174 1.9844651 1.2093256 1.8250722 1.8598715 1.8680386 1.8390711 1.8365758 1.4860846 0.9093274 1.7379922 2.0588493 2.0048806 2.1084353 0.9487417 0.9751566 1.1725057 1.2703436 1.0970361 1.4728407 1.3791114 1.5519110 1.9112197 1.9448646 1.8473795 2.0443371 1.6376705 1.9319949 1.1479134 1.2492775 1.1652346 1.1510387 1.1492630 
AtSPL7.2                                                                    2.2940876 1.8298657 0.0087540 0.0000000 0.0000010 0.8257184 0.8075526 0.6957868 1.5001527 1.5195590 2.0390318 2.0561356 1.4147715 2.0549379 2.0518690 1.5784115 1.5784115 1.5413956 1.5413956 1.8121920 1.8121920 1.7437228 1.9282600 1.7763349 1.9460712 1.7916769 1.7589667 1.6512615 1.8783498 1.5073062 1.3406673 1.3558714 1.9581525 2.0197634 1.7089254 1.6730156 2.0635336 1.6231442 1.5102505 1.8587802 1.5200147 1.5339662 1.5926707 0.9314359 1.6147547 1.6147547 1.2672250 1.2532983 1.2532983 2.0514958 1.9085795 1.2093256 1.8061110 1.7871445 1.7811930 1.7705557 1.7667704 1.4734222 0.9093274 1.7160873 1.8542466 1.9042039 1.9393532 0.9487417 1.0140868 1.1655861 1.2865074 1.0970361 1.4604807 1.4056766 1.5519110 1.9142336 1.9548218 1.8531835 2.0334899 1.6366236 1.9630372 1.1479134 1.2492775 1.1652346 1.1510387 1.1492630 
AtSPL7.1                                                                    2.3014694 1.8298657 0.0084659 0.0000010 0.0000000 0.8563286 0.8460403 0.6957868 1.5001527 1.5195590 2.0390318 2.0561356 1.4147715 2.0549379 2.0518690 1.5784115 1.5784115 1.5413956 1.5413956 1.8121920 1.8121920 1.7437228 1.9282600 1.7763349 1.9460712 1.7916769 1.7589667 1.6512615 1.8783498 1.5073062 1.3406673 1.3558714 1.9581525 2.0197634 1.7089254 1.6730156 2.0635336 1.6231442 1.5102505 1.8587802 1.5200147 1.5339662 1.5926707 0.9314359 1.6147547 1.6147547 1.2672250 1.2532983 1.2532983 2.1079249 2.0041487 1.2093256 1.8637782 1.8463510 1.8517858 1.8367411 1.8327015 1.4734222 0.9093274 1.7160873 1.9289662 1.9776525 2.0364604 0.9487417 1.0140868 1.1655861 1.2865074 1.0970361 1.4604807 1.4056766 1.5519110 1.9142336 1.9548218 1.8531835 2.0334899 1.6366236 1.9630372 1.1479134 1.2492775 1.1652346 1.1510387 1.1492630 
Solyc01g080670.2.1                                                          2.2233568 1.7752579 0.8551587 0.8257184 0.8563286 0.0000000 0.2618685 0.2217771 1.6044939 1.6055000 1.8622894 1.9620571 1.6047256 1.8546883 1.8321252 1.6690707 1.6690707 1.5902861 1.5902861 1.8793035 1.8793035 1.9166356 2.0585349 1.8012480 1.8034218 1.8271829 1.8168655 1.5968120 1.6902666 1.6495894 1.5251765 1.4977351 1.4997099 1.8743503 1.5559289 1.5941220 1.8161697 1.6885444 1.6079474 1.7915664 1.5657836 1.7611337 1.6949533 1.1155163 1.6556353 1.6556353 1.1862979 1.0961216 1.0961216 2.2341062 1.8825443 1.0091077 1.7408313 1.7397562 1.7942253 1.7217358 1.7174514 1.3734587 0.8864115 1.7877358 1.8134749 1.7804074 1.8423960 0.9434834 0.9536037 1.2795951 1.3517079 1.1642293 1.3583179 1.2472244 1.5897090 2.0604169 2.2934321 2.0965587 1.8623898 1.6190189 1.9830405 1.1706071 1.1704335 1.0941067 1.1743420 1.1877428 
Niben101Scf11812g00024.1|Nicotiana_benthamiana|SBP|Niben101Scf11812g00024.1 2.1230036 1.7860378 0.8573166 0.8075526 0.8460403 0.2618685 0.0000000 0.1135102 1.4859921 1.4456470 1.9200574 1.7497970 1.3827229 1.7189719 1.6881877 1.4998972 1.4998972 1.4198605 1.4198605 1.7901666 1.7901666 1.8431644 1.7611539 1.6458586 1.8512685 1.7710225 1.7165391 1.6263130 1.5809630 1.3399648 1.2554936 1.4241831 1.6067759 1.9745003 1.5593378 1.6565238 2.0314841 1.7010305 1.6407921 1.6740280 1.1991301 1.6876998 1.7279451 1.2190021 1.6970667 1.6970667 1.1922130 1.0708291 1.0708291 2.0561691 1.8357030 0.9998520 1.7537770 1.7908395 1.7222114 1.6693868 1.6653059 1.2906996 0.8669127 1.7122475 1.8322456 1.8836650 1.9357473 1.0301195 0.9876707 1.1027844 1.1631883 1.0972750 1.2356534 1.2155085 1.1679575 1.9729423 2.0089092 2.0977505 2.0900404 1.8405701 2.0398270 1.0284418 0.9129597 0.9994255 1.0180030 1.0453634 
Niben101Scf39270g00002.1|Nicotiana_benthamiana|SBP|Niben101Scf39270g00002.1 1.6904527 1.4918965 0.7122786 0.6957868 0.6957868 0.2217771 0.1135102 0.0000000 1.3384865 1.2499728 1.8059026 1.5349229 1.2773520 1.5952728 1.5922038 1.4426047 1.4426047 1.2998724 1.2998724 1.4997274 1.4997274 1.6116136 1.4800629 1.3883261 1.3334308 1.2489614 1.2561306 1.3131577 1.2949204 1.1862209 1.1960935 1.2455406 1.3406084 1.3483640 1.2905293 1.4190578 1.6684413 1.4727717 1.3071879 1.4627466 1.1337841 1.6184819 1.5532872 1.0988028 1.4481416 1.4481416 1.1632741 1.0646829 1.0646829 1.4304559 1.3144452 0.9220005 1.5407166 1.5409177 1.4210621 1.3663961 1.3741848 1.2776204 0.7791382 1.5295234 1.4174858 1.4373895 1.3198889 0.9485446 0.9228790 1.1654712 1.1560064 1.1004449 1.2778738 1.2713917 1.0243994 1.7419247 1.7739608 1.7567062 1.8542368 1.5326785 2.0453874 0.9673048 0.8490188 0.9313900 0.9490475 0.9764352 
Niben101Scf00878g04013.1|Nicotiana_benthamiana|SBP|Niben101Scf00878g04013.1 1.8895059 1.7635815 1.4885314 1.5001527 1.5001527 1.6044939 1.4859921 1.3384865 0.0000000 0.3714560 1.2569372 1.3965731 1.4665578 1.4168384 1.4410171 1.4635799 1.4635799 1.2731120 1.2731120 1.3549100 1.3549100 0.9990955 1.5757756 1.3276230 1.9426165 1.8391460 1.8368091 1.0190025 1.4112407 1.1673931 0.9846947 0.7740782 0.8959546 0.9685237 0.8657025 1.0192593 1.2344740 1.0246823 1.0683448 1.3835975 1.0623074 1.0813179 1.3126587 1.0166308 1.4441244 1.4441244 1.1020739 1.0636231 1.0636231 1.5963233 1.2648413 1.2470834 1.1496744 1.2067042 1.4446062 1.3636770 1.3868138 1.6976833 0.9169639 1.4231507 1.4398500 1.3877137 1.2743934 0.9003985 1.0407087 1.2126793 1.3403608 1.0266633 1.0575965 1.0897077 1.5663359 1.4996334 1.4835406 1.1784781 1.2077319 1.0261685 0.9958305 0.9744087 1.0442800 0.9648099 0.9976788 1.0137527 
Niben101Scf04462g01007.1|Nicotiana_benthamiana|SBP|Niben101Scf04462g01007.1 1.9308815 1.6595500 1.5568551 1.5195590 1.5195590 1.6055000 1.4456470 1.2499728 0.3714560 0.0000000 1.4532311 1.6947968 1.6742245 1.6802077 1.7506778 1.4381767 1.4381767 1.3698850 1.3698850 1.4400521 1.4400521 1.4103635 1.6560134 1.5032176 2.3388727 1.9843692 1.9940779 1.4662091 1.5517140 1.1783091 1.1761562 0.6992450 1.2481836 1.3180063 1.2503238 1.2411943 1.5122607 1.3482642 1.2894202 1.6197431 1.1584633 1.1954754 1.0783030 0.8616444 1.5275127 1.5275127 1.1422260 1.1390131 1.1390131 2.0682626 1.3839688 1.2381990 1.3288280 1.3484488 1.5015650 1.4778840 1.5275474 1.3661526 0.7965543 1.7327607 1.6297518 1.4802079 1.5384915 0.8850907 1.0064817 1.1386434 1.2843604 1.0075981 1.1739816 1.2269260 1.8504977 1.6584625 1.6889591 1.5236969 1.3252580 1.3297579 1.3278144 0.9518404 1.1224340 1.0225965 1.0488488 1.0202047 
Solyc04g045560.2.1                                                          1.7949837 1.3956981 2.0087094 2.0390318 2.0390318 1.8622894 1.9200574 1.8059026 1.2569372 1.4532311 0.0000000 0.8374965 0.5946799 0.7761140 0.7987095 1.1920056 1.1920056 1.1236425 1.1236425 1.0178125 1.0178125 1.5221208 1.2678975 1.3349562 1.3266455 1.2674162 1.3261478 1.3041393 1.6293265 1.2638089 1.1906620 1.3081054 1.3792769 1.3291010 1.3652687 1.3314523 1.5043948 1.5557736 1.2432377 1.4098782 1.2503523 1.3176894 1.4672314 0.9359188 1.4215101 1.4215101 1.0364238 1.1440600 1.1440600 1.7685773 1.6989984 1.1090709 1.4263397 1.4891053 1.5379528 1.5799038 1.5467785 1.3991219 0.9575593 1.9017433 1.8720370 1.9882979 1.4271604 0.8995525 0.9446860 1.2176713 1.2769366 0.9943588 1.1569099 1.0885142 1.1050521 1.4042373 1.4207472 1.3032499 1.4010010 1.2646246 1.4323595 1.0299667 1.0477655 0.9215590 0.9280857 0.9379597 
Solyc05g015510.2.1                                                          1.9041446 1.4383840 1.9969753 2.0561356 2.0561356 1.9620571 1.7497970 1.5349229 1.3965731 1.6947968 0.8374965 0.0000000 0.2152245 0.1667847 0.1603502 0.9398189 0.9398189 0.9216566 0.9216566 0.9232845 0.9232845 1.4192322 1.4883063 1.3208032 1.7540762 1.7908642 1.8698741 1.4585569 1.7535837 1.6567440 1.3012685 1.4699973 1.4669007 1.2620756 1.4158222 1.4389430 1.7203498 1.9154256 1.5071847 1.5262200 1.4253958 1.4353193 1.4500933 0.8427074 1.3519151 1.3519151 1.0653976 1.1037315 1.1037315 2.0615122 1.8569291 1.1234049 1.8996315 1.7124608 1.7624871 1.7949474 1.7856747 1.3800955 0.7887827 1.7824132 2.0502372 2.1549190 1.7278266 0.8967246 0.8879959 1.0236167 1.1807862 0.9649617 1.0997248 1.1073396 1.1705286 1.4546959 1.3007879 1.2913885 1.3205610 1.3139382 1.6169470 1.0267994 0.9844746 1.0621264 1.0186861 1.0240088 
Niben101Scf03422g04024.1|Nicotiana_benthamiana|SBP|Niben101Scf03422g04024.1 1.7500243 1.2440351 1.4147715 1.4147715 1.4147715 1.6047256 1.3827229 1.2773520 1.4665578 1.6742245 0.5946799 0.2152245 0.0000000 0.0921917 0.0887979 0.7356320 0.7356320 0.6840411 0.6840411 0.7097406 0.7097406 0.9656565 1.3792156 1.1268216 1.5359065 1.4709509 1.5037840 0.9501521 1.3655367 1.4762138 1.3843125 1.3296530 0.9646260 0.8178196 0.8576283 0.8826164 1.1061955 1.8672293 1.4588888 1.0908980 1.4734177 0.6807603 0.7754504 0.8294197 1.0180695 1.0180695 0.9020009 0.8828810 0.8828810 1.4499154 1.1543165 1.2589530 1.3172621 1.2493044 1.2123297 1.4570241 1.4062892 1.1954717 0.8968123 1.5807964 1.5284422 1.2405621 1.0792020 0.8292582 0.8486849 1.0299208 1.2030429 0.8625328 1.0506547 1.0265866 1.1861686 1.2831254 1.0976174 0.8650050 1.0225549 0.9964775 0.7759273 1.0171202 0.9790546 1.0519505 0.9924814 1.0093291 
Niben101Scf01602g03005.1|Nicotiana_benthamiana|SBP|Niben101Scf01602g03005.1 1.8409522 1.4184333 2.0185772 2.0549379 2.0549379 1.8546883 1.7189719 1.5952728 1.4168384 1.6802077 0.7761140 0.1667847 0.0921917 0.0000000 0.0457971 0.9386101 0.9386101 0.9251216 0.9251216 0.8945910 0.8945910 1.3078250 1.4315510 1.2755438 1.7763694 1.8107553 1.8275703 1.5303711 1.7320912 1.5784968 1.3355913 1.4115543 1.4095526 1.2033940 1.3532053 1.3390415 1.6055068 1.7568896 1.6204755 1.5008526 1.4087504 1.4594021 1.5223838 0.8895676 1.3246641 1.3246641 1.1230754 1.0097427 1.0097427 1.8996601 1.8268551 1.2060272 1.7162924 1.5827530 1.6339444 1.7505313 1.7189900 1.3138173 0.8891049 1.7565690 1.9215684 1.9611399 1.5586516 0.9354306 0.9098098 1.0403567 1.1951141 0.9256193 1.1578979 1.1113980 1.1831989 1.3855533 1.2573713 1.2231618 1.2581712 1.2450036 1.4792695 1.0298521 1.0236740 1.0670172 1.0216982 1.0360398 
Niben101Scf19371g00001.1|Nicotiana_benthamiana|SBP|Niben101Scf19371g00001.1 1.8176818 1.3986759 2.0090356 2.0518690 2.0518690 1.8321252 1.6881877 1.5922038 1.4410171 1.7506778 0.7987095 0.1603502 0.0887979 0.0457971 0.0000000 0.9485711 0.9485711 0.9459286 0.9459286 0.9204634 0.9204634 1.3764156 1.4794085 1.2973097 1.8126467 1.8418584 1.8882463 1.5208107 1.6923940 1.6450484 1.4066426 1.4670102 1.3864550 1.2008648 1.3524443 1.3593359 1.6923179 1.7413936 1.6472747 1.5254281 1.4409180 1.4790104 1.5147765 0.9008810 1.3421890 1.3421890 1.0957747 1.0022896 1.0022896 1.9494090 1.9053506 1.1475012 1.7809337 1.6185391 1.6075047 1.7585265 1.7212473 1.2772586 0.8574257 1.7242307 1.9605530 2.0520199 1.6246633 0.9421813 0.9229359 1.0356272 1.1752089 0.9449260 1.1292075 1.0992840 1.1885613 1.3916301 1.2967890 1.2515208 1.2979980 1.2577130 1.4792174 1.0083267 0.9936188 1.0457563 0.9926637 1.0064066 
AtSPL11.2                                                                   1.7557477 1.3388503 1.5837084 1.5784115 1.5784115 1.6690707 1.4998972 1.4426047 1.4635799 1.4381767 1.1920056 0.9398189 0.7356320 0.9386101 0.9485711 0.0000000 0.0000010 0.1484002 0.1484002 0.7156864 0.7156864 1.1400884 1.4439889 1.1909748 1.5942853 1.5936423 1.5854591 1.1106133 1.4687715 1.5071963 1.3075253 1.3249754 1.1463235 1.0790422 1.1122764 1.0530657 1.2625496 1.5648379 1.3929743 1.2555415 1.4775285 1.1552733 1.2363228 0.9074823 1.2038441 1.2038441 1.0763876 1.1260519 1.1260519 1.7738076 1.5692780 1.0450545 1.5380740 1.5991273 1.5005586 1.5514461 1.5575133 1.0760243 0.8159547 1.5096844 1.6495104 1.6132779 1.3277020 0.8486489 0.7836402 0.9749046 1.0553480 0.9851813 1.1704712 1.1551881 1.1763600 1.3836387 1.3901353 1.2676436 1.2412444 1.1402250 1.4841069 0.9008536 0.9333908 0.8348758 0.8596047 0.8621831 
AtSPL11.3                                                                   1.7557477 1.3388503 1.5837084 1.5784115 1.5784115 1.6690707 1.4998972 1.4426047 1.4635799 1.4381767 1.1920056 0.9398189 0.7356320 0.9386101 0.9485711 0.0000010 0.0000000 0.1484002 0.1484002 0.7156864 0.7156864 1.1400884 1.4439889 1.1909748 1.5942853 1.5936423 1.5854591 1.1106133 1.4687715 1.5071963 1.3075253 1.3249754 1.1463235 1.0790422 1.1122764 1.0530657 1.2625496 1.5648379 1.3929743 1.2555415 1.4775285 1.1552733 1.2363228 0.9074823 1.2038441 1.2038441 1.0763876 1.1260519 1.1260519 1.7738076 1.5692780 1.0450545 1.5380740 1.5991273 1.5005586 1.5514461 1.5575133 1.0760243 0.8159547 1.5096844 1.6495104 1.6132779 1.3277020 0.8486489 0.7836402 0.9749046 1.0553480 0.9851813 1.1704712 1.1551881 1.1763600 1.3836387 1.3901353 1.2676436 1.2412444 1.1402250 1.4841069 0.9008536 0.9333908 0.8348758 0.8596047 0.8621831 
AtSPL10.2                                                                   1.7462312 1.3203022 1.5431245 1.5413956 1.5413956 1.5902861 1.4198605 1.2998724 1.2731120 1.3698850 1.1236425 0.9216566 0.6840411 0.9251216 0.9459286 0.1484002 0.1484002 0.0000000 0.0000010 0.7278418 0.7278418 1.0902213 1.4718237 1.2058771 1.6170410 1.5309003 1.5248274 1.2025059 1.4350513 1.4535001 1.2219104 1.2949845 1.1512182 1.0587981 1.0659864 1.0564635 1.2496813 1.5561542 1.3403025 1.1864379 1.4670591 1.1072468 1.1692471 0.8033675 1.2003211 1.2003211 1.1114269 1.1389612 1.1389612 1.6268199 1.6022740 1.0566620 1.4354314 1.4804223 1.5336817 1.5037386 1.4861465 1.0543308 0.7966083 1.5506377 1.5620924 1.5992725 1.3054611 0.8613516 0.7830215 1.0012143 1.0439905 0.9580985 1.1826468 1.0932918 1.1451255 1.3238806 1.3113436 1.2501501 1.2078243 1.0983163 1.4584896 0.8717251 0.9012991 0.8874417 0.9007707 0.9189626 
AtSPL10.1                                                                   1.7462312 1.3203022 1.5431245 1.5413956 1.5413956 1.5902861 1.4198605 1.2998724 1.2731120 1.3698850 1.1236425 0.9216566 0.6840411 0.9251216 0.9459286 0.1484002 0.1484002 0.0000010 0.0000000 0.7278418 0.7278418 1.0902213 1.4718237 1.2058771 1.6170410 1.5309003 1.5248274 1.2025059 1.4350513 1.4535001 1.2219104 1.2949845 1.1512182 1.0587981 1.0659864 1.0564635 1.2496813 1.5561542 1.3403025 1.1864379 1.4670591 1.1072468 1.1692471 0.8033675 1.2003211 1.2003211 1.1114269 1.1389612 1.1389612 1.6268199 1.6022740 1.0566620 1.4354314 1.4804223 1.5336817 1.5037386 1.4861465 1.0543308 0.7966083 1.5506377 1.5620924 1.5992725 1.3054611 0.8613516 0.7830215 1.0012143 1.0439905 0.9580985 1.1826468 1.0932918 1.1451255 1.3238806 1.3113436 1.2501501 1.2078243 1.0983163 1.4584896 0.8717251 0.9012991 0.8874417 0.9007707 0.9189626 
AtSPL2.3                                                                    2.0251334 1.3562846 1.7555753 1.8121920 1.8121920 1.8793035 1.7901666 1.4997274 1.3549100 1.4400521 1.0178125 0.9232845 0.7097406 0.8945910 0.9204634 0.7156864 0.7156864 0.7278418 0.7278418 0.0000000 0.0000010 1.1851157 1.4175365 1.3129031 1.4816215 1.3759892 1.4299228 1.0905932 1.5601516 1.4498248 1.2518592 1.3914682 1.2865547 1.1237442 1.1582685 1.1122186 1.2064669 1.7961734 1.3635040 1.2874111 1.3109737 1.2505740 1.2506493 0.9328014 1.3127357 1.3127357 0.9783316 1.0676213 1.0676213 1.7863015 1.4293571 0.9992164 1.5604537 1.5801115 1.4773863 1.5057233 1.5058506 1.1249858 0.7797689 1.4820677 1.4314408 1.3405524 1.3094343 0.7667518 0.8261288 1.0498075 1.1811417 0.9071519 1.1445290 1.1064442 1.2626751 1.4321781 1.3049895 1.2012244 1.2168559 1.0945104 1.2799471 0.8841027 0.8591598 0.8771471 0.9075790 0.9282017 
AtSPL2.2                                                                    2.0251334 1.3562846 1.7555753 1.8121920 1.8121920 1.8793035 1.7901666 1.4997274 1.3549100 1.4400521 1.0178125 0.9232845 0.7097406 0.8945910 0.9204634 0.7156864 0.7156864 0.7278418 0.7278418 0.0000010 0.0000000 1.1851157 1.4175365 1.3129031 1.4816215 1.3759892 1.4299228 1.0905932 1.5601516 1.4498248 1.2518592 1.3914682 1.2865547 1.1237442 1.1582685 1.1122186 1.2064669 1.7961734 1.3635040 1.2874111 1.3109737 1.2505740 1.2506493 0.9328014 1.3127357 1.3127357 0.9783316 1.0676213 1.0676213 1.7863015 1.4293571 0.9992164 1.5604537 1.5801115 1.4773863 1.5057233 1.5058506 1.1249858 0.7797689 1.4820677 1.4314408 1.3405524 1.3094343 0.7667518 0.8261288 1.0498075 1.1811417 0.9071519 1.1445290 1.1064442 1.2626751 1.4321781 1.3049895 1.2012244 1.2168559 1.0945104 1.2799471 0.8841027 0.8591598 0.8771471 0.9075790 0.9282017 
AtSPL9.1                                                                    1.7997626 1.6730342 1.7332333 1.7437228 1.7437228 1.9166356 1.8431644 1.6116136 0.9990955 1.4103635 1.5221208 1.4192322 0.9656565 1.3078250 1.3764156 1.1400884 1.1400884 1.0902213 1.0902213 1.1851157 1.1851157 0.0000000 1.4372014 1.2145697 1.4845844 1.3222311 1.3023786 0.6956390 1.4323965 1.0653394 1.0773965 1.1463604 0.9243597 1.1781436 0.8812321 0.9761422 1.2401375 1.0649308 1.1247832 1.2227206 1.0980693 1.3858816 1.5724985 0.8303656 1.2472272 1.2472272 0.8995450 0.9247520 0.9247520 1.7174165 1.5358175 1.0251436 1.4293633 1.3945505 1.4961232 1.3785452 1.3248004 1.2068764 0.7742839 1.5123564 1.6255728 1.5228025 1.4115108 0.8935849 0.8507465 0.9860670 1.2239202 1.0548406 1.0720977 1.0145088 0.9906835 1.3339233 1.2835051 1.2709793 1.4973431 1.3431766 1.4763004 0.9829373 0.9868679 1.1892794 1.0322951 1.0740228 
Niben101Scf00821g02001.1|Nicotiana_benthamiana|SBP|Niben101Scf00821g02001.1 2.7250758 1.7325691 1.8776225 1.9282600 1.9282600 2.0585349 1.7611539 1.4800629 1.5757756 1.6560134 1.2678975 1.4883063 1.3792156 1.4315510 1.4794085 1.4439889 1.4439889 1.4718237 1.4718237 1.4175365 1.4175365 1.4372014 0.0000000 0.3539947 0.7799975 0.7146947 0.7129728 1.2856217 2.2143024 1.5913993 1.5578747 1.5946763 1.3278332 1.2517593 1.1775817 1.4071233 1.5178629 2.2717570 1.7455807 1.0641340 1.4769262 1.3154325 1.2537643 0.7252741 1.4115615 1.4115615 1.1272823 1.0357715 1.0357715 1.7666387 1.7079691 1.0480918 1.6666047 1.7421000 1.7995129 1.9197183 1.9195830 1.1854331 0.7383652 1.8728654 2.0013797 1.5246375 1.4758727 0.9521518 0.9681275 0.9762743 0.9048681 0.9519622 1.0412228 1.0766704 1.0126983 1.0362426 1.0905082 1.0177688 1.0690593 1.0006763 0.9968384 0.9754645 1.0862389 0.9794072 1.0092105 1.0067543 
Niben101Scf20316g00003.1|Nicotiana_benthamiana|SBP|Niben101Scf20316g00003.1 2.2253389 1.8031281 1.8014493 1.7763349 1.7763349 1.8012480 1.6458586 1.3883261 1.3276230 1.5032176 1.3349562 1.3208032 1.1268216 1.2755438 1.2973097 1.1909748 1.1909748 1.2058771 1.2058771 1.3129031 1.3129031 1.2145697 0.3539947 0.0000000 0.7167796 0.6695829 0.6619024 1.2313567 1.6451091 1.1998783 1.2184939 1.2833830 1.3469378 1.1941882 1.1883586 1.2130396 1.3878599 1.4580278 1.2688058 1.0884315 1.2125522 1.3134528 1.4127536 0.7901143 1.3016272 1.3016272 1.1112470 0.9591707 0.9591707 1.5795171 1.4326056 1.0306944 1.6689839 1.7370872 1.6063559 1.6754330 1.6726996 1.2166593 0.5799588 1.6565842 1.6552668 1.5574062 1.5921032 0.9482737 0.9342247 0.9315054 0.9489377 0.9643445 1.1550762 1.1521354 0.8208909 0.8976960 0.9302434 0.9971684 1.0311597 0.9599059 0.8793362 0.9490842 1.0069604 0.9084582 0.9390471 0.9458954 
Solyc05g012040.2.1                                                          2.8416519 1.5651705 1.9310848 1.9460712 1.9460712 1.8034218 1.8512685 1.3334308 1.9426165 2.3388727 1.3266455 1.7540762 1.5359065 1.7763694 1.8126467 1.5942853 1.5942853 1.6170410 1.6170410 1.4816215 1.4816215 1.4845844 0.7799975 0.7167796 0.0000000 0.3811783 0.3760754 1.4344824 1.7023854 1.5112628 1.4731045 1.5055843 1.3176355 1.3536540 1.2776450 1.4143742 1.4967969 2.0540531 1.6415447 0.9959766 1.5285441 1.2591029 1.3629672 0.7843938 1.3436152 1.3436152 1.0790966 1.0942369 1.0942369 1.7837498 1.6039628 0.9155879 1.6291209 1.7113763 1.7516964 1.7738623 1.7059587 1.2932702 0.6580237 1.7408651 1.6159064 1.6415203 1.5174857 0.9476695 0.9369773 0.8844242 0.9850217 0.9484624 1.0999102 1.1267212 1.1519672 1.1356462 1.1588932 0.9864990 1.1876288 1.0632101 0.9557669 0.8878206 1.0017265 0.8340551 0.8390836 0.8428993 
Niben101Scf01310g00001.1|Nicotiana_benthamiana|SBP|Niben101Scf01310g00001.1 2.6825114 1.6343841 1.7712365 1.7916769 1.7916769 1.8271829 1.7710225 1.2489614 1.8391460 1.9843692 1.2674162 1.7908642 1.4709509 1.8107553 1.8418584 1.5936423 1.5936423 1.5309003 1.5309003 1.3759892 1.3759892 1.3222311 0.7146947 0.6695829 0.3811783 0.0000000 0.0758112 1.3135747 1.6552768 1.4977996 1.4124512 1.3860070 1.2504868 1.1991482 1.1598345 1.3608591 1.4197018 2.0327349 1.6148087 1.0902357 1.3755272 1.2006892 1.2566793 0.7821939 1.3325295 1.3325295 1.0749874 1.0877272 1.0877272 1.6705989 1.5889395 0.9621795 1.5354229 1.6369254 1.6291647 1.6631237 1.5870799 1.2358657 0.7438827 1.7134050 1.8472742 1.6027005 1.4698192 0.9264711 0.8615406 0.9389183 0.9551429 0.8024567 1.0123660 0.9971988 1.0877018 1.0021269 1.0420112 0.8691954 1.0960053 0.9077062 0.9102338 0.8873801 1.0098183 0.8885793 0.9346452 0.9425009 
Niben101Scf02151g04021.1|Nicotiana_benthamiana|SBP|Niben101Scf02151g04021.1 2.6060169 1.6338271 1.7601340 1.7589667 1.7589667 1.8168655 1.7165391 1.2561306 1.8368091 1.9940779 1.3261478 1.8698741 1.5037840 1.8275703 1.8882463 1.5854591 1.5854591 1.5248274 1.5248274 1.4299228 1.4299228 1.3023786 0.7129728 0.6619024 0.3760754 0.0758112 0.0000000 1.3600189 1.7180747 1.5601715 1.4196345 1.3899604 1.2494897 1.2212881 1.1433910 1.3650105 1.4320742 2.0774562 1.5991486 1.0659916 1.3999784 1.1962439 1.2564423 0.7331030 1.3007140 1.3007140 1.0754940 1.1150825 1.1150825 1.6543798 1.5592292 0.9654664 1.6362318 1.7185420 1.6972796 1.6449483 1.5718603 1.2029920 0.7028197 1.7230320 1.8716635 1.6084790 1.4902024 0.9232365 0.8867183 0.9367573 0.9829763 0.8078458 1.0166116 1.0006887 1.0503184 0.9950056 1.0468598 0.9136391 1.1318029 0.9256044 0.9279950 0.8946165 1.0116691 0.8717387 0.9027339 0.9102882 
AtSPL15.1                                                                   1.9951820 1.5988949 1.6826896 1.6512615 1.6512615 1.5968120 1.6263130 1.3131577 1.0190025 1.4662091 1.3041393 1.4585569 0.9501521 1.5303711 1.5208107 1.1106133 1.1106133 1.2025059 1.2025059 1.0905932 1.0905932 0.6956390 1.2856217 1.2313567 1.4344824 1.3135747 1.3600189 0.0000000 1.5159317 1.0813671 1.0060587 1.0360955 1.0943401 1.3080532 1.0903855 1.2107164 1.5056405 0.9084275 0.9560660 1.3637138 1.1722217 1.3101418 1.5445402 0.9029800 1.3624937 1.3624937 1.1916935 1.0024954 1.0024954 1.6733389 1.4909990 1.0408645 1.4411697 1.4398874 1.4448890 1.4432113 1.4127808 1.3794365 0.7641139 1.3633525 1.4833222 1.4733336 1.4996911 0.9783438 0.9293884 0.9091443 1.1036623 0.8927238 1.1093200 1.1041347 0.9717203 1.3864711 1.3727349 1.3094216 1.7762676 1.4168323 1.6292657 1.0364177 0.9987722 1.0302985 1.0305270 1.0229191 
Niben101Scf10743g02013.1|Nicotiana_benthamiana|SBP|Niben101Scf10743g02013.1 2.1675948 1.7320533 1.8256021 1.8783498 1.8783498 1.6902666 1.5809630 1.2949204 1.4112407 1.5517140 1.6293265 1.7535837 1.3655367 1.7320912 1.6923940 1.4687715 1.4687715 1.4350513 1.4350513 1.5601516 1.5601516 1.4323965 2.2143024 1.6451091 1.7023854 1.6552768 1.7180747 1.5159317 0.0000000 1.3761202 1.2478593 1.6136588 1.4559557 1.4324433 1.4200752 1.4468814 1.7072174 1.8968307 1.7572437 1.4371814 1.3022763 1.4106487 1.6109469 1.0870969 1.4523977 1.4523977 1.0714300 1.0390021 1.0390021 1.6000754 1.5424795 0.8807540 1.3531792 1.3911611 1.4430963 1.5484873 1.5834551 1.3886507 0.7530748 1.5674840 1.6556448 1.5967819 1.5021457 1.0556334 0.8568583 1.0249652 1.1045788 0.9881395 1.0739582 1.0592583 1.5765612 1.4165318 1.5417548 1.4945928 1.6292195 1.5482076 1.4614850 0.8053963 0.7817819 0.8453147 0.8468012 0.8416036 
Niben101Scf05439g04002.1|Nicotiana_benthamiana|SBP|Niben101Scf05439g04002.1 1.8727423 1.8518307 1.5075200 1.5073062 1.5073062 1.6495894 1.3399648 1.1862209 1.1673931 1.1783091 1.2638089 1.6567440 1.4762138 1.5784968 1.6450484 1.5071963 1.5071963 1.4535001 1.4535001 1.4498248 1.4498248 1.0653394 1.5913993 1.1998783 1.5112628 1.4977996 1.5601715 1.0813671 1.3761202 0.0000000 0.4651224 0.6889144 1.0350600 1.0207753 1.0706680 1.2224354 1.2722101 1.1003369 1.0339166 1.3476811 0.6717701 0.9755014 1.1568682 1.0586508 1.3349770 1.3349770 0.9945544 0.9660167 0.9660167 1.3071157 1.0361885 0.8170096 1.3069759 1.3284441 1.3620464 1.3254205 1.3355633 1.2436737 0.7369196 1.3979483 1.4948055 1.3497981 1.2397697 0.7640380 0.7315358 0.9721409 0.9720475 0.7873819 0.9608008 0.9920225 1.2661608 1.3759579 1.3460201 1.1414343 1.1248457 1.0698455 1.0249914 0.8242909 0.8928301 0.8975584 0.9148372 0.9305336 
Niben101Scf10743g02014.1|Nicotiana_benthamiana|SBP|Niben101Scf10743g02014.1 1.9569260 1.9024485 1.3216220 1.3406673 1.3406673 1.5251765 1.2554936 1.1960935 0.9846947 1.1761562 1.1906620 1.3012685 1.3843125 1.3355913 1.4066426 1.3075253 1.3075253 1.2219104 1.2219104 1.2518592 1.2518592 1.0773965 1.5578747 1.2184939 1.4731045 1.4124512 1.4196345 1.0060587 1.2478593 0.4651224 0.0000000 0.9473360 1.0038688 0.9578513 1.0422438 1.0799736 1.0793239 1.0823737 1.0705853 1.1388545 0.5954411 0.8126430 0.9968809 0.9971964 1.1098193 1.1098193 1.1292195 1.0358548 1.0358548 1.2620562 0.9917614 0.8565276 1.1960104 1.1704032 1.2961399 1.1841678 1.1997540 1.1083262 0.7644295 1.3480035 1.4285030 1.1811018 1.1698083 0.7577997 0.7293591 0.9246251 1.0447948 0.7248951 0.9041299 0.8316921 1.3104791 1.2681939 1.2771010 1.1097035 1.1016862 0.9595922 0.8274730 0.8868338 0.9784561 0.8920893 0.9258982 0.9204295 
Solyc01g090730.2.1                                                          1.9334509 1.5998020 1.3824751 1.3558714 1.3558714 1.4977351 1.4241831 1.2455406 0.7740782 0.6992450 1.3081054 1.4699973 1.3296530 1.4115543 1.4670102 1.3249754 1.3249754 1.2949845 1.2949845 1.3914682 1.3914682 1.1463604 1.5946763 1.2833830 1.5055843 1.3860070 1.3899604 1.0360955 1.6136588 0.6889144 0.9473360 0.0000000 1.0937949 1.1687343 1.1254005 1.2571768 1.5139103 1.0620198 1.1428096 1.2723203 0.9219949 0.9030783 1.1437912 0.7729063 1.2624119 1.2624119 0.9381891 0.9973595 0.9973595 1.3454147 1.0995936 0.8618084 1.2687831 1.2814841 1.3887383 1.3650722 1.3754259 1.1640515 0.7725386 1.5814329 1.4384527 1.2936977 1.2112562 0.7711744 0.7910484 0.9133970 1.0367011 0.7846160 1.0302891 1.0453583 1.4181878 1.3422788 1.4432142 1.1874814 1.1785918 1.1694563 1.1625913 0.8702655 0.8416331 0.8571362 0.8486088 0.8635592 
Solyc10g078700.1.1                                                          2.1325945 1.6639975 1.8866489 1.9581525 1.9581525 1.4997099 1.6067759 1.3406084 0.8959546 1.2481836 1.3792769 1.4669007 0.9646260 1.4095526 1.3864550 1.1463235 1.1463235 1.1512182 1.1512182 1.2865547 1.2865547 0.9243597 1.3278332 1.3469378 1.3176355 1.2504868 1.2494897 1.0943401 1.4559557 1.0350600 1.0038688 1.0937949 0.0000000 0.4972329 0.2641020 0.5268249 0.6197961 1.0171257 0.9718977 1.2273400 1.0917633 1.2616351 1.4527327 1.0132915 1.2659808 1.2659808 1.0081576 1.0519288 1.0519288 1.6794716 1.4417598 1.0524953 1.4391109 1.5026863 1.5309891 1.4282360 1.4169454 1.3220687 0.7257144 1.3714437 1.5175315 1.4285582 1.4766830 0.7705367 0.7804200 1.0103647 1.1460217 1.0223850 1.0680294 1.1018337 1.0266519 1.3148690 1.3245552 1.2027322 1.5629654 1.2658627 1.5430850 0.8454732 0.9141742 0.8494016 0.9364568 0.9153315 
Niben101Scf00340g00006.1|Nicotiana_benthamiana|SBP|Niben101Scf00340g00006.1 2.2133182 1.4000438 1.9857883 2.0197634 2.0197634 1.8743503 1.9745003 1.3483640 0.9685237 1.3180063 1.3291010 1.2620756 0.8178196 1.2033940 1.2008648 1.0790422 1.0790422 1.0587981 1.0587981 1.1237442 1.1237442 1.1781436 1.2517593 1.1941882 1.3536540 1.1991482 1.2212881 1.3080532 1.4324433 1.0207753 0.9578513 1.1687343 0.4972329 0.0000000 0.2432864 0.6057445 0.7829238 1.0693048 0.9993425 1.1713013 1.0627974 1.2481074 1.3850202 0.9742542 1.2301579 1.2301579 0.9729246 1.0023707 1.0023707 2.0746811 1.6792452 0.9131720 1.6607186 1.7508567 1.7721872 1.6855070 1.6635542 1.2809273 0.5862405 1.3199685 1.8532947 1.7485893 1.6274379 0.7439754 0.7580134 1.0026142 1.0241083 0.9037837 1.0666981 1.0907765 0.9252814 1.1909359 1.3308844 1.1998273 1.4725661 1.1924638 1.3680780 0.7888995 0.7870078 0.7855274 0.8236518 0.8109210 
Niben101Scf04740g00007.1|Nicotiana_benthamiana|SBP|Niben101Scf04740g00007.1 2.1414997 1.4868605 1.6434349 1.7089254 1.7089254 1.5559289 1.5593378 1.2905293 0.8657025 1.2503238 1.3652687 1.4158222 0.8576283 1.3532053 1.3524443 1.1122764 1.1122764 1.0659864 1.0659864 1.1582685 1.1582685 0.8812321 1.1775817 1.1883586 1.2776450 1.1598345 1.1433910 1.0903855 1.4200752 1.0706680 1.0422438 1.1254005 0.2641020 0.2432864 0.0000000 0.4324857 0.5567915 1.0726373 1.0670569 1.2327570 1.1442031 1.3351118 1.4372934 0.9765945 1.2542908 1.2542908 0.9316616 0.9850019 0.9850019 1.6090308 1.4077910 0.9694765 1.3989156 1.4486982 1.4782853 1.4535034 1.4353746 1.2045498 0.6250713 1.3120313 1.4861846 1.3719396 1.4397151 0.8205736 0.8427678 1.0222154 1.0539143 0.9010079 1.1268851 1.1759196 1.0240170 1.2128774 1.2403821 1.1662201 1.4658416 1.2058697 1.5113287 0.8511429 0.8491898 0.8519400 0.9019988 0.8971501 
Niben101Scf00037g02016.1|Nicotiana_benthamiana|SBP|Niben101Scf00037g02016.1 2.0831165 1.5536854 1.6309932 1.6730156 1.6730156 1.5941220 1.6565238 1.4190578 1.0192593 1.2411943 1.3314523 1.4389430 0.8826164 1.3390415 1.3593359 1.0530657 1.0530657 1.0564635 1.0564635 1.1122186 1.1122186 0.9761422 1.4071233 1.2130396 1.4143742 1.3608591 1.3650105 1.2107164 1.4468814 1.2224354 1.0799736 1.2571768 0.5268249 0.6057445 0.4324857 0.0000000 0.1986786 1.1517717 1.0478102 1.3023276 1.0594417 1.3156206 1.5416543 0.9464494 1.2190638 1.2190638 0.9557523 1.0818642 1.0818642 1.7822681 1.5200576 1.0142270 1.5292689 1.5475853 1.5354519 1.4550701 1.4222975 1.1394283 0.6827876 1.3801133 1.4637231 1.3878367 1.4003274 0.7496728 0.8289270 1.0255849 1.0861306 0.9354646 1.1102601 1.1294535 1.0184269 1.2644043 1.2528718 1.2948245 1.5364770 1.2932897 1.3808027 0.8433204 0.8592495 0.8505860 0.8297867 0.8185646 
Niben101Scf03494g12028.1|Nicotiana_benthamiana|SBP|Niben101Scf03494g12028.1 2.4712470 1.7461726 2.0269911 2.0635336 2.0635336 1.8161697 2.0314841 1.6684413 1.2344740 1.5122607 1.5043948 1.7203498 1.1061955 1.6055068 1.6923179 1.2625496 1.2625496 1.2496813 1.2496813 1.2064669 1.2064669 1.2401375 1.5178629 1.3878599 1.4967969 1.4197018 1.4320742 1.5056405 1.7072174 1.2722101 1.0793239 1.5139103 0.6197961 0.7829238 0.5567915 0.1986786 0.0000000 1.6867355 1.2560781 1.6676603 1.2664518 1.4566091 1.6453159 1.0626199 1.4423455 1.4423455 1.2596034 1.2682570 1.2682570 1.9442597 1.7804444 1.1780743 1.5793297 1.6542838 1.7427819 1.7019682 1.6495332 1.2720373 0.9683981 1.6225951 1.6692731 1.4965766 1.5340085 0.9841522 1.1102335 1.1479414 1.1904961 1.0465920 1.2347329 1.3036459 1.0807791 1.3899838 1.3848360 1.5847781 1.6347809 1.5428394 1.3704917 1.0778137 1.1184046 1.0786075 1.1058162 1.0473901 
AtSPL8.2                                                                    1.8502545 2.4536392 1.6231442 1.6231442 1.6231442 1.6885444 1.7010305 1.4727717 1.0246823 1.3482642 1.5557736 1.9154256 1.8672293 1.7568896 1.7413936 1.5648379 1.5648379 1.5561542 1.5561542 1.7961734 1.7961734 1.0649308 2.2717570 1.4580278 2.0540531 2.0327349 2.0774562 0.9084275 1.8968307 1.1003369 1.0823737 1.0620198 1.0171257 1.0693048 1.0726373 1.1517717 1.6867355 0.0000000 0.1754710 1.2802319 1.3797856 0.8878197 1.2119220 1.0707613 1.5366486 1.5366486 1.1209203 1.0316338 1.0316338 1.5052677 1.4301221 1.0777602 1.4748688 1.4242635 1.6085371 1.4843147 1.5099187 1.4544160 0.9239488 1.6267492 1.5146082 1.5320281 1.1671442 0.7699596 0.7768346 0.9522295 1.1976801 1.0788278 0.9081628 0.9134165 1.6455602 1.8450978 1.5163960 1.1884514 1.3123349 1.0105652 1.0926408 1.0509264 1.1240043 1.0931577 1.0579113 1.0625141 
AtSPL8.1                                                                    1.5651020 1.9060697 1.5272913 1.5102505 1.5102505 1.6079474 1.6407921 1.3071879 1.0683448 1.2894202 1.2432377 1.5071847 1.4588888 1.6204755 1.6472747 1.3929743 1.3929743 1.3403025 1.3403025 1.3635040 1.3635040 1.1247832 1.7455807 1.2688058 1.6415447 1.6148087 1.5991486 0.9560660 1.7572437 1.0339166 1.0705853 1.1428096 0.9718977 0.9993425 1.0670569 1.0478102 1.2560781 0.1754710 0.0000000 1.2660784 1.1681168 1.0170717 1.1075887 0.9478460 1.3953368 1.3953368 1.0987461 1.0541536 1.0541536 1.4663719 1.2859115 0.9369632 1.4800447 1.4455061 1.5110150 1.4324964 1.4348400 1.3121085 0.8419726 1.3522223 1.5327149 1.3158134 1.2174282 0.7185454 0.7722771 1.0149264 1.2243473 0.9626670 1.0232502 1.0599384 1.4470134 1.5374360 1.4637165 1.1987809 1.2136240 1.0489303 1.2153621 0.9110603 0.9525324 0.9399252 0.8917466 0.8872661 
AtSPL6.1                                                                    2.1212361 1.7582582 1.8031378 1.8587802 1.8587802 1.7915664 1.6740280 1.4627466 1.3835975 1.6197431 1.4098782 1.5262200 1.0908980 1.5008526 1.5254281 1.2555415 1.2555415 1.1864379 1.1864379 1.2874111 1.2874111 1.2227206 1.0641340 1.0884315 0.9959766 1.0902357 1.0659916 1.3637138 1.4371814 1.3476811 1.1388545 1.2723203 1.2273400 1.1713013 1.2327570 1.3023276 1.6676603 1.2802319 1.2660784 0.0000000 1.2681718 1.2504809 1.2910364 0.8933452 1.2268664 1.2268664 1.0120078 0.9398271 0.9398271 1.6279239 1.7975361 0.8484033 1.6238564 1.6128333 1.7545861 1.6315521 1.5341642 1.2352179 0.7016377 1.6428468 1.6502335 1.4882602 1.5262600 0.9111086 0.8412262 0.8940387 0.9913453 0.9432527 1.1017074 1.0844676 0.9454416 1.1579895 1.1414610 1.0836989 1.3619584 1.0631414 1.2560671 0.8971928 0.8655371 0.9234543 1.0049411 0.9971766 
Solyc10g018780.1.1                                                          1.7770376 1.7631337 1.4901551 1.5200147 1.5200147 1.5657836 1.1991301 1.1337841 1.0623074 1.1584633 1.2503523 1.4253958 1.4734177 1.4087504 1.4409180 1.4775285 1.4775285 1.4670591 1.4670591 1.3109737 1.3109737 1.0980693 1.4769262 1.2125522 1.5285441 1.3755272 1.3999784 1.1722217 1.3022763 0.6717701 0.5954411 0.9219949 1.0917633 1.0627974 1.1442031 1.0594417 1.2664518 1.3797856 1.1681168 1.2681718 0.0000000 0.9362019 1.1318004 1.0244634 1.2432775 1.2432775 1.0093790 1.0091624 1.0091624 1.3208305 1.1553304 0.8127783 1.3390955 1.3358701 1.4231439 1.3136138 1.3311590 1.2327349 0.7082114 1.5096048 1.4557167 1.3067525 1.1391539 0.7609478 0.7269507 0.9544015 1.0547961 0.8330026 0.9425193 0.9323556 1.4277897 1.2035811 1.2723781 1.1644210 1.2598520 1.0969575 0.9166255 0.8191800 0.9129262 0.9012665 0.9262838 0.8984943 
Solyc05g015840.2.1                                                          1.9115863 1.5396155 1.5494997 1.5339662 1.5339662 1.7611337 1.6876998 1.6184819 1.0813179 1.1954754 1.3176894 1.4353193 0.6807603 1.4594021 1.4790104 1.1552733 1.1552733 1.1072468 1.1072468 1.2505740 1.2505740 1.3858816 1.3154325 1.3134528 1.2591029 1.2006892 1.1962439 1.3101418 1.4106487 0.9755014 0.8126430 0.9030783 1.2616351 1.2481074 1.3351118 1.3156206 1.4566091 0.8878197 1.0170717 1.2504809 0.9362019 0.0000000 0.3916021 0.4039483 1.0535093 1.0535093 0.8693777 0.9305345 0.9305345 1.6790122 1.4916061 0.7038872 1.3400683 1.4165650 1.3518470 1.3275475 1.2859289 1.0765252 0.5860467 1.4778716 1.3359580 1.3662541 1.3519837 0.7616577 0.9413719 0.8392050 0.9089149 0.7801037 0.8243229 0.8318107 0.6541069 1.1649958 1.1632313 1.1860440 1.5952590 1.2889842 1.3869222 0.7149371 0.7136541 0.6998195 0.6971139 0.6951755 
Niben101Scf01950g02001.1|Nicotiana_benthamiana|SBP|Niben101Scf01950g02001.1 2.0856207 1.5453821 1.5600831 1.5926707 1.5926707 1.6949533 1.7279451 1.5532872 1.3126587 1.0783030 1.4672314 1.4500933 0.7754504 1.5223838 1.5147765 1.2363228 1.2363228 1.1692471 1.1692471 1.2506493 1.2506493 1.5724985 1.2537643 1.4127536 1.3629672 1.2566793 1.2564423 1.5445402 1.6109469 1.1568682 0.9968809 1.1437912 1.4527327 1.3850202 1.4372934 1.5416543 1.6453159 1.2119220 1.1075887 1.2910364 1.1318004 0.3916021 0.0000000 0.3422807 1.0187297 1.0187297 1.1149442 1.1462813 1.1462813 1.6412001 1.6863911 0.8094801 1.6712248 1.6937090 1.6250785 1.5271017 1.5237335 0.9558998 0.6340572 1.5954738 1.5839005 1.6287858 1.5176276 1.0131547 0.9828582 0.8396630 0.9395409 0.8570107 1.0943041 1.0820359 0.7937719 1.2784230 1.2754034 1.2351594 1.4483389 1.2789816 1.4487243 0.7348724 0.8422580 0.8134965 0.8023179 0.7855007 
Niben101Scf00366g00008.1|Nicotiana_benthamiana|SBP|Niben101Scf00366g00008.1 1.3029347 1.0804118 0.9314359 0.9314359 0.9314359 1.1155163 1.2190021 1.0988028 1.0166308 0.8616444 0.9359188 0.8427074 0.8294197 0.8895676 0.9008810 0.9074823 0.9074823 0.8033675 0.8033675 0.9328014 0.9328014 0.8303656 0.7252741 0.7901143 0.7843938 0.7821939 0.7331030 0.9029800 1.0870969 1.0586508 0.9971964 0.7729063 1.0132915 0.9742542 0.9765945 0.9464494 1.0626199 1.0707613 0.9478460 0.8933452 1.0244634 0.4039483 0.3422807 0.0000000 0.7248254 0.7248254 0.8376584 0.7891146 0.7891146 0.9803017 0.7842240 0.8179861 0.9894012 0.9904214 0.8208326 0.7603309 0.7660824 0.9444272 0.5889834 1.0262037 0.9347544 0.8520949 0.8612295 0.8532737 0.8640271 0.8530157 0.9261567 0.8261032 0.8513909 0.8213059 0.7272255 0.7214669 0.7102246 0.6701104 0.8744253 0.7251055 0.7689667 0.7712302 0.8166730 0.7243922 0.7681567 0.7644851 
