81
Niben101Scf00037g02016.1 0.0000000 0.2072307 0.3121997 0.3136420 0.3662618 0.8973760 0.8592450 0.8299486 0.8229971 1.8948771 1.7893004 1.9595544 1.6205111 1.6205111 1.6205111 1.1173734 1.2614426 1.3124393 1.2803174 0.9802040 2.1748586 2.0840610 1.9324345 2.0084065 1.9632552 1.9295612 1.8910199 1.8361170 1.6706373 1.9629874 1.9754844 0.6918159 0.9328730 0.9350075 0.8818360 0.8804907 0.9083605 1.1159502 1.3604702 1.3604702 1.2338766 2.0051046 3.5450331 2.6398467 2.4215860 2.2823195 2.2665453 2.2533242 1.5367561 1.8861403 1.6626288 1.8811122 1.9357949 1.9970790 1.6483226 2.8401050 2.0498348 1.4815069 2.3527012 2.3527012 2.0770063 2.0887020 1.2533100 2.1547403 2.3106497 1.7415637 1.7415637 1.7364676 1.7364676 2.2555467 2.2555467 3.2982464 4.2532557 9.0000000 5.4855301 5.5183776 3.9235423 3.6950180 4.2543762 1.5952176 2.5640508 
Niben101Scf03494g12028.1 0.2072307 0.0000000 0.4228669 0.4251076 0.4906168 1.1012489 1.0242068 1.2931946 1.3537582 2.1834655 2.1300274 2.2492388 1.7202929 1.7202929 1.7202929 1.6321357 1.7969173 2.2191271 2.1509513 1.5809219 2.8936065 2.6391494 2.3821757 2.4422016 2.2449740 2.2264608 2.3873002 2.0298326 2.2309850 2.4017701 2.4440949 1.5292672 1.5105580 1.5565923 1.4220260 1.3673965 1.4424790 1.6909564 1.7322395 1.7322395 1.6671035 2.9958351 3.8694358 2.5289883 2.8884049 2.8465943 2.8842750 2.8401645 1.8860393 2.1081579 2.0530577 2.2281505 2.2742857 2.3899578 2.1702902 3.0398670 2.7691858 2.0274172 3.0956576 3.0956576 2.5150826 2.5096626 1.6893625 2.6074735 2.7410393 2.1352038 2.1352038 2.1412693 2.1412693 2.4701979 2.4701979 3.4672840 4.3001715 5.5238978 4.3967134 4.6559657 3.6726518 3.5900490 4.1570039 1.9738800 2.4375364 
Niben101Scf04740g00007.1 0.3121997 0.4228669 0.0000000 0.1195644 0.1147360 0.9109184 0.8717954 0.9185096 1.0118428 1.9730882 1.8802060 2.0447469 1.6649273 1.6649273 1.6649273 1.1964275 1.3452460 1.2692106 1.2558798 0.9990464 2.0800912 2.0598884 1.7508705 1.9279960 1.8445459 1.7655633 1.7860930 1.7833220 1.7506181 1.9316713 1.9858619 0.7005151 0.9143223 0.9276954 0.9021728 0.9162931 0.9369458 1.0444377 1.3476229 1.3476229 1.2499017 2.0380125 3.6369587 3.2354361 2.2616640 2.0782186 2.2096238 2.1322082 1.3918659 1.6312423 1.4991968 1.8252086 1.8656169 1.8519020 1.8012299 2.4411771 1.8439254 1.3221794 2.1928109 2.1928109 1.9959985 1.9414736 1.1000902 2.0347900 2.0994555 1.7614655 1.7614655 1.8564443 1.8564443 2.0276086 2.0276086 3.8972718 5.1792109 6.0814100 9.0000000 9.0000000 8.7243245 7.5214037 9.0000000 1.5713334 2.6265104 
Solyc10g078700.1.1       0.3136420 0.4251076 0.1195644 0.0000000 0.1904225 0.8909706 0.8355764 0.8650581 0.9482340 1.8937165 1.7823059 1.8786664 1.5638126 1.5638126 1.5638126 1.1778951 1.3450037 1.2815158 1.2584002 1.0583747 1.9233301 1.9146619 1.8420654 2.0086748 1.8557035 1.8165064 1.8598936 1.7681112 1.8850471 1.8583101 1.9689338 0.6380331 0.8919607 0.9278432 0.9163055 0.9307134 0.9465884 1.0895116 1.4307647 1.4307647 1.2908031 2.0066307 3.6419438 2.8867466 2.3555839 2.2174898 2.0717764 2.0416261 1.2724799 1.7495227 1.5159409 1.7615751 1.7746040 1.7770681 1.8310459 2.3108230 1.7804128 1.3452216 2.2141189 2.2141189 1.9725353 1.9392681 1.0851060 1.9284970 2.0813893 1.6570817 1.6570817 1.7493084 1.7493084 1.9292026 1.9292026 4.1252281 6.0107658 5.9097948 9.0000000 9.0000000 4.9246606 7.5405223 9.0000000 1.6012904 2.3306938 
Niben101Scf00340g00006.1 0.3662618 0.4906168 0.1147360 0.1904225 0.0000000 1.0085528 0.9326407 0.7706486 0.8536665 2.3002637 1.8196645 2.3787057 2.0281514 2.0281514 2.0281514 1.1412499 1.3154037 1.1605545 1.1674097 0.9691665 2.5785752 2.6241696 2.3307621 2.4338029 2.4176753 2.2771926 2.3334206 2.1914307 2.2062969 1.8363236 2.2685981 0.5989495 0.7650669 0.7815386 0.7879027 0.7924620 0.8245489 0.9433180 1.2085921 1.2085921 1.1456620 1.9245457 4.9140427 3.2199596 2.6362107 2.3000663 2.4677655 2.4164672 1.3605560 1.8867459 1.7415197 1.9274540 1.9885204 2.1364761 1.9569068 2.3129955 1.6759154 1.2844966 2.1103795 2.1103795 1.9543678 1.9503840 1.0345565 2.0371561 1.9957840 1.7278821 1.7278821 1.7860519 1.7860519 1.9468335 1.9468335 3.3989931 4.0833449 4.3587083 7.8599777 9.0000000 4.5035426 5.7282072 9.0000000 1.6447109 2.3158027 
AtSPL15.1                0.8973760 1.1012489 0.9109184 0.8909706 1.0085528 0.0000000 0.4218555 1.0860613 1.0910006 1.9456436 1.8671650 1.8348616 1.9391896 1.9391896 1.9391896 1.1975160 1.2991605 1.2330476 1.2920177 0.8683818 1.9889902 1.9330899 1.9659791 2.0731417 2.2847833 2.2440233 2.1665201 2.0181518 2.0764274 2.1285722 2.3277834 0.7688163 1.0345800 1.0726319 1.0837471 1.0714985 1.2043247 1.0128060 1.2929698 1.2929698 1.4309611 2.2097306 3.5789342 4.2195066 2.1869149 2.0745691 2.2592550 2.2143082 1.1718638 2.3151414 1.7478002 1.8773424 1.9174613 1.9063938 1.6567632 2.2842698 2.0213285 1.1776531 2.0804844 2.0804844 2.0226090 2.0316466 0.9388969 2.0336255 2.0047469 1.5728645 1.5728645 1.7153519 1.7153519 1.8209382 1.8209382 4.6635188 7.7259245 4.9885817 4.1607784 4.2649642 3.4070317 3.8129173 3.9362766 1.4578965 2.7229919 
AtSPL9.1                 0.8592450 1.0242068 0.8717954 0.8355764 0.9326407 0.4218555 0.0000000 0.9554374 0.9658565 2.0810867 1.9483208 2.0044926 1.9485726 1.9485726 1.9485726 1.3514181 1.5652340 1.4185628 1.3789439 1.0734197 2.2937502 2.1510061 1.8715143 1.9057803 1.8871046 1.9885620 1.9924220 2.0776339 1.9181837 2.1420651 2.2308380 0.7393192 1.0086358 1.0353925 1.0103760 1.0098346 1.1390034 1.1834578 1.2908789 1.2908789 1.1881580 2.4325110 3.4103772 3.8680298 2.0495917 2.1278020 2.3894452 2.2926715 1.2605971 2.6155288 1.8710075 2.0306878 2.0325790 2.0000320 1.7768552 2.1793919 1.8069185 1.2477628 1.9754320 1.9754320 2.0230875 2.0331034 1.0847088 2.1241500 2.0715874 1.7165404 1.7165404 1.7538814 1.7538814 1.8113582 1.8113582 6.1060070 5.1068571 3.7034560 6.9798748 9.0000000 4.1282812 3.7920647 3.8471953 1.7725195 2.8515638 
Niben101Scf11224g00008.1 0.8299486 1.2931946 0.9185096 0.8650581 0.7706486 1.0860613 0.9554374 0.0000000 0.3124617 0.8998391 0.9012025 0.9583555 0.9956571 0.9956571 0.9956571 0.7739188 0.8899361 0.8011866 0.7513564 0.8158257 1.0274397 0.9933248 0.7927121 0.9458073 0.9913464 1.0275555 1.0313180 0.9367766 0.9379742 0.9334159 0.9730821 0.7798256 0.6933579 0.6771628 0.7285017 0.7517039 0.6909844 0.6114979 0.8234898 0.8234898 0.8451389 0.8469388 1.8826866 0.9228356 1.0514220 1.0595605 0.8362246 0.8959008 0.9599149 1.0003214 0.9157540 0.8612029 0.8352539 0.9557328 0.9373313 1.4486728 1.1383863 1.4652516 1.0396075 1.0396075 1.1030071 1.1440472 0.9562521 1.0925510 1.0983373 0.9619316 0.9619316 0.9551768 0.9551768 0.8538740 0.8538740 2.5419647 2.3645190 2.0930227 2.4559365 2.8145330 2.4120488 4.3944758 4.3944758 1.4461427 1.6426575 
Solyc07g062980.2.1       0.8229971 1.3537582 1.0118428 0.9482340 0.8536665 1.0910006 0.9658565 0.3124617 0.0000000 0.9887652 0.9929779 0.9516866 0.9873854 0.9873854 0.9873854 0.8878783 1.0739424 0.9083888 0.9272544 0.9078652 0.9826425 1.0505527 0.9328641 1.1849901 1.0226920 1.1482467 1.1203825 0.9673749 0.9191543 0.9394071 1.0025355 0.7402019 0.7511099 0.6952307 0.7710449 0.8139196 0.7783211 0.6293882 0.8264634 0.8264634 0.8324540 1.0586401 2.6095851 1.2618098 1.1511275 1.1793963 1.0287910 1.0564353 1.1707321 1.1535267 1.0474682 1.0923772 1.0756840 1.1208317 1.0841265 1.5531400 1.1154849 1.4648381 1.0194267 1.0194267 1.2973069 1.2804330 1.0811179 1.1979994 1.1044002 1.1523764 1.1523764 1.1534238 1.1534238 1.0378134 1.0378134 2.7232883 2.7297459 2.4712965 3.6097451 3.2464688 2.5800298 4.0854324 4.0854324 1.6254794 1.8067710 
Niben101Scf11812g00024.1 1.8948771 2.1834655 1.9730882 1.8937165 2.3002637 1.9456436 2.0810867 0.8998391 0.9887652 0.0000000 0.0512900 0.1073890 0.6213260 0.6285151 0.6276627 1.2917089 1.3379215 1.4543227 1.4337944 1.2466602 3.3077591 3.5334186 2.6822838 2.8145481 3.0280772 2.8797673 2.8883273 2.9223315 3.2043182 2.3111388 3.4553433 1.0005427 0.9794072 1.0409220 1.0511193 1.0705922 1.1159635 1.1601495 1.2643727 1.2643727 1.3252020 2.1627230 4.6387613 3.1228208 3.0110744 2.6780865 3.0109417 3.1110777 1.6769455 2.7231650 2.2402689 2.2878224 2.4914044 2.2543204 2.2317881 2.7394687 2.2196525 1.7064121 2.6684962 2.6684962 4.6968376 4.4355363 2.1640728 4.0913782 3.3407694 2.4778494 2.4778494 2.5302026 2.5302026 2.4559720 2.4559720 4.0177735 3.8921377 9.0000000 9.0000000 9.0000000 9.0000000 4.7251962 5.5043076 1.6482649 3.2609815 
Niben101Scf39270g00002.1 1.7893004 2.1300274 1.8802060 1.7823059 1.8196645 1.8671650 1.9483208 0.9012025 0.9929779 0.0512900 0.0000000 0.1102405 0.5012352 0.5012352 0.5012352 1.2985775 1.3465019 1.4344743 1.4092669 1.2103343 2.5203044 2.7066598 1.9841922 2.0641471 2.0647588 2.0702656 2.0458733 1.9137527 2.0749422 2.1662310 2.3234963 0.9719490 0.8851801 0.9375465 0.9757019 0.9860107 1.0180885 1.0705069 1.2062557 1.2062557 1.3579354 2.1695824 3.7332269 2.4291667 2.5178934 2.2867468 2.5955585 2.6602990 1.3531549 2.3098470 1.9187514 1.9805255 2.1432394 2.0032377 1.8806388 2.6245629 2.2201424 1.5876300 2.4593870 2.4593870 3.6911380 3.5961102 1.8206257 3.2721764 3.3554313 2.4027094 2.4027094 2.5013741 2.5013741 2.2609667 2.2609667 3.7632520 3.6450153 7.0373476 6.2903720 6.9720159 6.5531721 3.8085354 4.4273070 1.6141520 3.4344278 
Solyc01g080670.2.1       1.9595544 2.2492388 2.0447469 1.8786664 2.3787057 1.8348616 2.0044926 0.9583555 0.9516866 0.1073890 0.1102405 0.0000000 0.6508018 0.6612889 0.6614152 1.2998299 1.3664224 1.5222302 1.4905662 1.3412959 3.6757328 4.0588814 2.9117923 3.0498898 3.4723618 3.3593404 3.2705749 3.2613463 3.3794628 2.4430371 3.4942787 0.9545690 1.1043991 1.2130960 1.1905143 1.1924023 1.2212430 1.1470965 1.2235047 1.2235047 1.3641766 2.3474218 4.2125198 3.0996887 3.0033672 2.6554093 3.1809863 3.1639656 1.9246773 2.5891651 2.2207673 2.4742414 2.6072788 2.2982039 2.2704771 2.7707052 2.4126275 1.6463405 2.5262148 2.5262148 4.6380696 4.6146498 2.5934704 4.3125512 3.6379150 2.9498345 2.9498345 2.8809213 2.8809213 2.6828897 2.6828897 4.2157975 3.8212167 9.0000000 9.0000000 9.0000000 7.9596070 9.0000000 9.0000000 1.6845415 3.0979025 
AtSPL7.2                 1.6205111 1.7202929 1.6649273 1.5638126 2.0281514 1.9391896 1.9485726 0.9956571 0.9873854 0.6213260 0.5012352 0.6508018 0.0000000 0.0000010 0.0030090 1.4367713 1.6870876 1.4820592 1.4842533 1.3467328 4.4062092 4.1368253 2.7220619 3.0035222 2.8119140 2.7574902 2.5969286 2.6796239 2.9036787 2.0927518 3.0714213 1.0414173 1.1751580 1.2571383 1.1738570 1.2080900 1.4675280 1.1584970 1.4880928 1.4880928 1.4603484 2.2252443 4.8463063 4.1573986 3.1817903 3.1125465 4.0321232 4.1150413 2.3943324 3.2894613 2.8136546 2.9099327 2.9248544 2.9568855 2.5088399 2.8491016 2.4246478 1.6106828 2.6390815 2.6390815 3.1188569 3.1031556 1.8348293 3.1860001 3.4221354 2.5277247 2.5277247 2.4314909 2.4314909 2.3059768 2.3059768 4.6434362 4.3647635 9.0000000 9.0000000 9.0000000 9.0000000 9.0000000 9.0000000 1.3796659 2.4903520 
AtSPL7.1                 1.6205111 1.7202929 1.6649273 1.5638126 2.0281514 1.9391896 1.9485726 0.9956571 0.9873854 0.6285151 0.5012352 0.6612889 0.0000010 0.0000000 0.0029121 1.4367713 1.6870876 1.4820592 1.4842533 1.3467328 4.2922465 4.2658024 2.7356887 3.0172562 2.7744035 2.7394343 2.5979388 2.7385789 2.9339106 2.0927518 3.0979947 1.0414173 1.1751580 1.2571383 1.1738570 1.2080900 1.4675280 1.1584970 1.4880928 1.4880928 1.4603484 2.2252443 4.8463063 4.1573986 3.1817903 3.1125465 4.0321232 4.1150413 2.3943324 3.2894613 2.8136546 2.9099327 2.9248544 2.9568855 2.5088399 2.8491016 2.4246478 1.6106828 2.6390815 2.6390815 3.1188569 3.1031556 1.8348293 3.1860001 3.4221354 2.5277247 2.5277247 2.4314909 2.4314909 2.3059768 2.3059768 4.6434362 4.3647635 9.0000000 9.0000000 9.0000000 9.0000000 9.0000000 9.0000000 1.3796659 2.4903520 
AtSPL7.3                 1.6205111 1.7202929 1.6649273 1.5638126 2.0281514 1.9391896 1.9485726 0.9956571 0.9873854 0.6276627 0.5012352 0.6614152 0.0030090 0.0029121 0.0000000 1.4367713 1.6870876 1.4820592 1.4842533 1.3467328 4.2688024 4.2263538 2.7279214 2.9714570 2.7426923 2.6908308 2.5615017 2.6806665 2.8599021 2.0927518 3.0968147 1.0414173 1.1751580 1.2571383 1.1738570 1.2080900 1.4675280 1.1584970 1.4880928 1.4880928 1.4603484 2.2252443 4.8463063 4.1573986 3.1817903 3.1125465 4.0321232 4.1150413 2.3943324 3.2894613 2.8136546 2.9099327 2.9248544 2.9568855 2.5088399 2.8491016 2.4246478 1.6106828 2.6390815 2.6390815 3.1188569 3.1031556 1.8348293 3.1860001 3.4221354 2.5277247 2.5277247 2.4314909 2.4314909 2.3059768 2.3059768 4.6434362 4.3647635 9.0000000 9.0000000 9.0000000 9.0000000 9.0000000 9.0000000 1.3796659 2.4903520 
Niben101Scf00347g00011.1 1.1173734 1.6321357 1.1964275 1.1778951 1.1412499 1.1975160 1.3514181 0.7739188 0.8878783 1.2917089 1.2985775 1.2998299 1.4367713 1.4367713 1.4367713 0.0000000 0.0578325 0.3169320 0.3259214 0.4288631 1.0454534 0.9925874 0.7997335 1.0004151 0.9845157 0.9351395 1.0301617 1.0331716 0.9539246 1.1788866 1.1473276 0.7896753 0.6541010 0.6995180 0.7509905 0.7526261 0.7730227 0.7178902 0.9291396 0.9291396 0.9610032 1.1034991 2.0074268 1.3482669 1.2191079 1.2821234 1.2639901 1.2198778 1.2164873 1.4573277 1.1913293 1.2928223 1.3340437 1.3690819 1.1807723 1.1073174 0.9164115 1.1805340 1.0896902 1.0896902 1.6178292 1.6222516 1.3776879 1.6144254 1.4462496 1.5608376 1.5608376 1.5699804 1.5699804 1.5143361 1.5143361 2.8640759 3.2216759 2.9592713 3.1316534 4.2919970 3.2740205 7.0252613 7.0252613 1.6240151 1.8897942 
Niben101Scf07953g00014.1 1.2614426 1.7969173 1.3452460 1.3450037 1.3154037 1.2991605 1.5652340 0.8899361 1.0739424 1.3379215 1.3465019 1.3664224 1.6870876 1.6870876 1.6870876 0.0578325 0.0000000 0.3945749 0.3952505 0.4513963 1.1458198 1.0848514 0.8935737 1.0914021 1.1562949 1.1226244 1.2112980 1.1640320 1.0963120 1.3643932 1.3171993 0.9706077 0.7979350 0.8336995 0.8812586 0.8811803 0.8761208 0.7873472 1.0766893 1.0766893 1.0995499 1.2879285 2.1943279 1.4951528 1.4582375 1.4208846 1.5284358 1.4739428 1.3863834 1.5613803 1.4198845 1.4858420 1.5365429 1.6082744 1.3694092 1.1342223 1.0574560 1.2039697 1.2484509 1.2484509 1.9831514 1.9645063 1.7797043 2.0746478 1.6546748 1.7369467 1.7369467 1.7504585 1.7504585 1.6994273 1.6994273 2.8031133 3.2603135 2.9032448 2.9267967 3.8771641 3.0845401 7.2512242 7.2512242 1.8069373 2.1579954 
Niben101Scf01426g05012.1 1.3124393 2.2191271 1.2692106 1.2815158 1.1605545 1.2330476 1.4185628 0.8011866 0.9083888 1.4543227 1.4344743 1.5222302 1.4820592 1.4820592 1.4820592 0.3169320 0.3945749 0.0000000 0.0436472 0.3865460 0.9994590 1.0492690 0.9381073 1.1028048 1.0767122 1.0791393 1.1877957 1.1272092 0.9654308 1.3050888 1.2428249 0.9197219 0.7215789 0.7316864 0.7595756 0.7660160 0.8341782 0.7573798 1.0359028 1.0359028 1.0585148 1.3511978 2.5375584 1.6609598 1.2984984 1.4187558 1.3629832 1.3112434 1.3397127 1.4829486 1.2951075 1.3538614 1.3738844 1.4261090 1.3220206 1.3584848 1.1271068 1.3843310 1.2591667 1.2591667 1.8089729 1.7676791 1.2861905 1.6578000 1.6350782 1.5295020 1.5295020 1.5491648 1.5491648 1.6460030 1.6460030 2.9912813 3.2810670 3.1279146 3.3924214 3.4444652 2.4298045 4.0359354 4.0359354 2.0712939 2.1601901 
Niben101Scf08374g06004.1 1.2803174 2.1509513 1.2558798 1.2584002 1.1674097 1.2920177 1.3789439 0.7513564 0.9272544 1.4337944 1.4092669 1.4905662 1.4842533 1.4842533 1.4842533 0.3259214 0.3952505 0.0436472 0.0000000 0.3987828 1.0353735 1.0679894 0.9348280 1.0930270 1.0793974 1.0967888 1.2082104 1.1769923 0.9870700 1.3390868 1.2674162 0.9351156 0.7129130 0.7383286 0.7388706 0.7545818 0.8056432 0.7720394 1.0714580 1.0714580 1.0663692 1.3096551 2.7373647 1.7505775 1.3094972 1.3692627 1.3532996 1.3219443 1.3626628 1.5406192 1.3317012 1.3579146 1.3988431 1.4688712 1.3522819 1.4191708 1.1492975 1.4160963 1.2962926 1.2962926 1.8590768 1.8617430 1.3133354 1.7321941 1.6948001 1.5697946 1.5697946 1.5555681 1.5555681 1.6620093 1.6620093 2.8203885 3.0848611 2.8137581 3.0741590 3.0860946 2.3472737 3.7911663 3.7911663 1.9974146 2.1816921 
Solyc07g053810.2.1       0.9802040 1.5809219 0.9990464 1.0583747 0.9691665 0.8683818 1.0734197 0.8158257 0.9078652 1.2466602 1.2103343 1.3412959 1.3467328 1.3467328 1.3467328 0.4288631 0.4513963 0.3865460 0.3987828 0.0000000 1.0988176 0.9470065 0.8975420 0.9854448 1.0465761 1.0427828 1.1235493 1.0131914 1.0160023 1.1316719 1.1017632 0.9133036 0.6908996 0.7185373 0.8010534 0.8363393 0.8727654 0.7262972 0.9896166 0.9896166 1.0456876 1.1217817 2.2006383 0.9560600 1.1781434 1.2763562 1.2249144 1.1784819 1.2637828 1.3028182 1.0130606 1.1948263 1.2525529 1.2401192 1.1301453 1.1960151 0.9989611 1.2267935 1.1558209 1.1558209 1.3150330 1.3419936 1.2150946 1.3048079 1.1896535 1.1947844 1.1947844 1.2091298 1.2091298 1.1627843 1.1627843 3.5185935 4.0446352 3.1298326 3.1865511 4.2038250 3.0726844 4.2351869 4.2351869 1.6768257 1.8658311 
AT1G76580.1              2.1748586 2.8936065 2.0800912 1.9233301 2.5785752 1.9889902 2.2937502 1.0274397 0.9826425 3.3077591 2.5203044 3.6757328 4.4062092 4.2922465 4.2688024 1.0454534 1.1458198 0.9994590 1.0353735 1.0988176 0.0000000 0.2349509 2.9503330 2.9735096 3.1487577 2.9896611 3.1123402 2.8895287 3.0095436 2.1955676 3.2437174 0.6791959 1.0997970 1.1237794 1.1158786 1.1499057 1.1067692 1.0222796 1.2681858 1.2681858 1.4617736 1.7419743 5.2839990 6.2181150 3.3593706 3.4252582 3.4310679 3.4371720 1.5116834 4.3486080 3.4669560 3.6589154 3.6708526 3.9184605 2.6873937 3.1131721 2.3576218 1.2625451 2.3608037 2.3608037 2.9553941 2.8505444 1.4741694 2.7309400 2.5455000 2.2028085 2.2028085 2.5454927 2.5454927 2.5365007 2.5365007 3.8108109 3.9518752 8.9999982 4.8010615 5.1215267 5.1934347 7.3960607 6.9147596 2.1038855 3.0475832 
AtSPL14.1                2.0840610 2.6391494 2.0598884 1.9146619 2.6241696 1.9330899 2.1510061 0.9933248 1.0505527 3.5334186 2.7066598 4.0588814 4.1368253 4.2658024 4.2263538 0.9925874 1.0848514 1.0492690 1.0679894 0.9470065 0.2349509 0.0000000 2.9067162 2.9275497 3.1612780 3.0007457 3.0566834 2.8219938 2.9821148 2.1730448 3.2242371 0.6304001 1.0617783 1.0404606 1.0894386 1.1354448 1.0915834 0.8945474 1.1848005 1.1848005 1.2666218 2.1405304 5.6581893 5.1405754 3.3134629 3.5142870 3.4019193 3.5239924 1.6970874 3.7693046 3.2708617 3.3291214 3.1521533 3.6362847 2.3840345 2.7263395 2.3077385 1.2143672 2.2696434 2.2696434 2.8706055 2.7689096 1.5339436 2.6049359 2.5390445 2.1304858 2.1304858 2.4920956 2.4920956 2.5630445 2.5630445 3.2128770 3.9520692 8.9999985 4.4793393 4.9923288 5.1178835 9.0000000 9.0000000 2.2954783 3.0907329 
Niben101Scf00687g04018.1 1.9324345 2.3821757 1.7508705 1.8420654 2.3307621 1.9659791 1.8715143 0.7927121 0.9328641 2.6822838 1.9841922 2.9117923 2.7220619 2.7356887 2.7279214 0.7997335 0.8935737 0.9381073 0.9348280 0.8975420 2.9503330 2.9067162 0.0000000 0.0589784 0.2773294 0.2677280 0.2744559 0.5707677 0.5381725 0.7715273 0.6599963 0.4335799 0.9872006 1.0410941 0.9802766 0.9623861 0.9580257 0.7728258 0.9695869 0.9695869 0.9147596 1.7893213 3.5162750 3.7281478 2.5540617 2.5602715 2.9856948 2.9885523 1.4979053 2.5942857 2.1387881 2.3749527 2.5172722 2.4540893 2.1396170 2.3656270 1.9158731 1.0260218 2.1388619 2.1388619 2.5970668 2.6663498 1.5960312 3.0065695 2.4731402 2.0905804 2.0905804 2.0105456 2.0105456 2.3183263 2.3183263 3.1561380 3.4094838 2.7938831 3.5507842 3.2565886 3.9985353 3.0423972 3.0238851 1.2220903 2.2029059 
Niben101Scf02558g00030.1 2.0084065 2.4422016 1.9279960 2.0086748 2.4338029 2.0731417 1.9057803 0.9458073 1.1849901 2.8145481 2.0641471 3.0498898 3.0035222 3.0172562 2.9714570 1.0004151 1.0914021 1.1028048 1.0930270 0.9854448 2.9735096 2.9275497 0.0589784 0.0000000 0.2594060 0.2571480 0.2646063 0.5657584 0.5249616 0.7959979 0.6482714 0.4405600 0.9604467 1.0118836 0.9537999 0.9364862 0.9321914 0.7823342 1.1556952 1.1556952 1.0681236 1.8568360 3.4751736 3.5344695 2.6359153 2.5136729 2.9181907 2.8984245 1.5958582 2.6359227 2.1860071 2.3723728 2.4990361 2.4714685 2.1298250 2.4665954 2.0585874 1.2113145 2.3844265 2.3844265 2.6068055 2.7058206 1.5813433 3.0072577 2.6649075 2.2060396 2.2060396 2.0671662 2.0671662 2.4097265 2.4097265 3.3413686 3.6176168 2.7542396 3.3320289 3.4198027 3.8007079 3.0902230 3.0115162 1.4918152 2.4102381 
Niben101Scf01773g04003.1 1.9632552 2.2449740 1.8445459 1.8557035 2.4176753 2.2847833 1.8871046 0.9913464 1.0226920 3.0280772 2.0647588 3.4723618 2.8119140 2.7744035 2.7426923 0.9845157 1.1562949 1.0767122 1.0793974 1.0465761 3.1487577 3.1612780 0.2773294 0.2594060 0.0000000 0.0376352 0.1357220 0.5690402 0.5292926 0.7575709 0.6285408 0.5620369 0.9127304 0.9887653 0.9332533 0.9490815 1.0492248 0.8473095 1.0261297 1.0261297 1.0865841 2.3225861 3.7492639 4.2159352 2.5510606 2.9159336 3.0155060 2.9560817 1.6205630 2.5483473 2.1032799 2.1401852 2.1405119 2.2970899 2.3092610 2.3083414 1.7201550 1.1644862 2.1950872 2.1950872 2.6076935 2.6597517 1.7612302 2.6292330 2.3980025 2.1327719 2.1327719 2.0149300 2.0149300 2.3080754 2.3080754 3.1688713 3.4246290 3.0647763 3.0986170 3.1857634 3.5379588 3.0748816 3.2399517 1.6157776 2.5154297 
Niben101Scf09781g00016.1 1.9295612 2.2264608 1.7655633 1.8165064 2.2771926 2.2440233 1.9885620 1.0275555 1.1482467 2.8797673 2.0702656 3.3593404 2.7574902 2.7394343 2.6908308 0.9351395 1.1226244 1.0791393 1.0967888 1.0427828 2.9896611 3.0007457 0.2677280 0.2571480 0.0376352 0.0000000 0.1225272 0.5573757 0.5139321 0.7449895 0.6204998 0.5683350 0.8971385 0.9718942 0.9096077 0.9251259 1.0225196 0.8399953 1.0518995 1.0518995 1.1387677 2.1621428 3.3636292 3.8774066 2.4440914 2.7050822 2.8924138 2.8397119 1.5880695 2.6221400 2.1852835 2.2050633 2.2290312 2.3187123 2.3368915 2.2733040 1.7369376 1.1677060 2.1181709 2.1181709 2.5969307 2.6236274 1.6686893 2.6263438 2.4606868 2.1478090 2.1478090 2.0283345 2.0283345 2.3027010 2.3027010 3.0128724 3.3403536 3.0545406 3.3484340 3.6124182 3.8690338 3.5275825 3.6575015 1.6709443 2.5364439 
Solyc01g068100.2.1       1.8910199 2.3873002 1.7860930 1.8598936 2.3334206 2.1665201 1.9924220 1.0313180 1.1203825 2.8883273 2.0458733 3.2705749 2.5969286 2.5979388 2.5615017 1.0301617 1.2112980 1.1877957 1.2082104 1.1235493 3.1123402 3.0566834 0.2744559 0.2646063 0.1357220 0.1225272 0.0000000 0.5574349 0.4939423 0.6970288 0.5908779 0.4869419 0.8499834 0.9179147 0.8774155 0.8720531 0.9285689 0.9061495 1.1426728 1.1426728 1.1246456 2.0446288 3.0578657 3.5188874 2.4420197 2.4936790 2.7189943 2.7631491 1.6386738 2.5086426 2.0618617 2.1994585 2.2040674 2.3199461 2.5105475 2.3013642 1.8100538 1.1520592 2.0748780 2.0748780 2.5171398 2.6125592 1.8496893 2.5287960 2.4658069 2.0270454 2.0270454 1.9389129 1.9389129 2.4744958 2.4744958 2.8671757 3.0936350 2.9727205 3.1812948 3.1047524 3.9487880 3.9578120 3.7211407 1.7460429 2.6822173 
AtSPL12.1                1.8361170 2.0298326 1.7833220 1.7681112 2.1914307 2.0181518 2.0776339 0.9367766 0.9673749 2.9223315 1.9137527 3.2613463 2.6796239 2.7385789 2.6806665 1.0331716 1.1640320 1.1272092 1.1769923 1.0131914 2.8895287 2.8219938 0.5707677 0.5657584 0.5690402 0.5573757 0.5574349 0.0000000 0.2630602 0.8276142 0.6883645 0.4516071 0.8022763 0.8666448 0.7365929 0.7476489 0.8170762 0.9009355 0.9925003 0.9925003 0.9920786 2.0588237 3.1486021 3.5867903 2.3164607 2.1702113 2.9565783 2.9010544 1.6665205 2.5977363 2.1615776 2.3383206 2.4721972 2.5038969 2.0356439 2.3330780 1.9995362 1.1318156 1.9742796 1.9742796 2.3852361 2.4066813 1.5631278 2.6277124 3.0683382 2.3317886 2.3317886 2.4452980 2.4452980 2.6591397 2.6591397 3.3559992 3.5841494 3.1898827 4.7719435 4.1318358 4.2820438 4.3118422 3.2466020 1.8126064 2.4919729 
AtSPL1.1                 1.6706373 2.2309850 1.7506181 1.8850471 2.2062969 2.0764274 1.9181837 0.9379742 0.9191543 3.2043182 2.0749422 3.3794628 2.9036787 2.9339106 2.8599021 0.9539246 1.0963120 0.9654308 0.9870700 1.0160023 3.0095436 2.9821148 0.5381725 0.5249616 0.5292926 0.5139321 0.4939423 0.2630602 0.0000000 0.8181738 0.6692091 0.4377386 0.7729184 0.8251624 0.7467492 0.7509168 0.8115446 0.8192022 1.0232367 1.0232367 0.9573650 1.9230002 2.9165988 3.1259795 2.0339576 2.2482487 2.5388096 2.5035641 1.4096845 2.2312259 1.9216759 2.0419520 2.1278699 2.1685988 1.9084732 2.1560889 1.8080968 0.9758284 1.7761451 1.7761451 2.2689529 2.2668543 1.2853599 2.3738005 2.3237155 2.4051174 2.4051174 2.2471320 2.2471320 2.3439291 2.3439291 3.5491965 4.0311963 3.0194334 3.8785310 3.6318714 4.0436744 4.3130786 3.7491612 1.5621269 2.6458808 
Niben101Scf01671g03003.1 1.9629874 2.4017701 1.9316713 1.8583101 1.8363236 2.1285722 2.1420651 0.9334159 0.9394071 2.3111388 2.1662310 2.4430371 2.0927518 2.0927518 2.0927518 1.1788866 1.3643932 1.3050888 1.3390868 1.1316719 2.1955676 2.1730448 0.7715273 0.7959979 0.7575709 0.7449895 0.6970288 0.8276142 0.8181738 0.0000000 0.1550756 0.2177556 0.9395341 0.9564375 0.9203248 0.9261231 0.9882852 0.9352535 1.0500997 1.0500997 1.1205181 1.8811101 2.8378408 2.4381531 2.3926617 2.2688910 2.5567805 2.5565204 1.8014137 2.2676566 1.9411623 1.9774924 1.9732119 2.0154793 1.8764309 2.7702429 2.0770105 1.2270660 2.3015232 2.3015232 2.3993916 2.4637615 1.8013769 2.4718001 2.4007317 2.5606854 2.5606854 2.3648511 2.3648511 2.9163353 2.9163353 4.6624831 4.5593511 5.5742836 3.9051778 3.8910103 3.4877973 9.0000000 6.3011166 1.7684649 2.8299089 
Solyc05g053240.2.1       1.9754844 2.4440949 1.9858619 1.9689338 2.2685981 2.3277834 2.2308380 0.9730821 1.0025355 3.4553433 2.3234963 3.4942787 3.0714213 3.0979947 3.0968147 1.1473276 1.3171993 1.2428249 1.2674162 1.1017632 3.2437174 3.2242371 0.6599963 0.6482714 0.6285408 0.6204998 0.5908779 0.6883645 0.6692091 0.1550756 0.0000000 0.2381430 0.8818930 0.9545316 0.9141763 0.9065279 0.9658986 0.9172324 1.0316542 1.0316542 1.1479737 1.8177314 3.1050605 3.0599453 2.5162950 2.5551425 2.7716895 2.8371391 1.7137154 2.5986299 2.3058903 2.4045221 2.3992864 2.3548994 2.2190834 2.8281834 2.0800708 1.2129613 2.2585279 2.2585279 2.5237495 2.5953613 1.8704735 2.7072605 2.4671412 2.5861231 2.5861231 2.3505851 2.3505851 3.1505588 3.1505588 3.1988986 3.3236568 4.2530623 3.5514152 3.3833074 3.4334701 5.0950492 4.5538551 1.6920047 2.6679233 
Niben101Scf14708g00003.1 0.6918159 1.5292672 0.7005151 0.6380331 0.5989495 0.7688163 0.7393192 0.7798256 0.7402019 1.0005427 0.9719490 0.9545690 1.0414173 1.0414173 1.0414173 0.7896753 0.9706077 0.9197219 0.9351156 0.9133036 0.6791959 0.6304001 0.4335799 0.4405600 0.5620369 0.5683350 0.4869419 0.4516071 0.4377386 0.2177556 0.2381430 0.0000000 0.7213151 0.8016825 0.7403896 0.7353652 0.7131403 0.7992055 0.7009560 0.7009560 0.7271867 0.7730583 2.0855857 0.4225742 0.9265713 0.8440888 0.8943633 0.9045525 0.9019924 0.8992573 0.7706903 0.7972762 0.7580644 0.7414221 0.9258626 1.0451113 0.7318113 0.9629036 0.7557093 0.7557093 1.1859160 1.1618390 1.2331805 1.0846436 1.1594720 1.0861269 1.0861269 1.1722375 1.1722375 1.1250613 1.1250613 8.1763112 5.8591459 8.9999989 3.1712114 3.0826248 3.4494313 4.4206069 4.4206069 1.3995132 2.1967572 
Niben101Scf04350g03001.1 0.9328730 1.5105580 0.9143223 0.8919607 0.7650669 1.0345800 1.0086358 0.6933579 0.7511099 0.9794072 0.8851801 1.1043991 1.1751580 1.1751580 1.1751580 0.6541010 0.7979350 0.7215789 0.7129130 0.6908996 1.0997970 1.0617783 0.9872006 0.9604467 0.9127304 0.8971385 0.8499834 0.8022763 0.7729184 0.9395341 0.8818930 0.7213151 0.0000000 0.1267659 0.2340776 0.2282607 0.2777589 0.6038591 0.6785842 0.6785842 0.7014245 0.7802436 1.8951150 0.5849052 1.2399950 1.1227721 1.1221184 1.1380728 1.1902533 1.4787536 1.0627224 1.1484138 1.1986289 1.2735588 1.1131598 1.0144298 0.8224343 1.0954369 1.0852315 1.0852315 1.3345541 1.3152259 1.3603607 1.2880377 1.2329462 1.2910412 1.2910412 1.2472037 1.2472037 1.1220304 1.1220304 2.9411548 3.2936543 2.9772519 3.7343959 4.3341337 3.4850945 4.8275520 4.8275520 1.4369773 1.8596097 
Solyc10g009080.2.1       0.9350075 1.5565923 0.9276954 0.9278432 0.7815386 1.0726319 1.0353925 0.6771628 0.6952307 1.0409220 0.9375465 1.2130960 1.2571383 1.2571383 1.2571383 0.6995180 0.8336995 0.7316864 0.7383286 0.7185373 1.1237794 1.0404606 1.0410941 1.0118836 0.9887653 0.9718942 0.9179147 0.8666448 0.8251624 0.9564375 0.9545316 0.8016825 0.1267659 0.0000000 0.2314591 0.2355579 0.2538849 0.5932498 0.6937662 0.6937662 0.7198774 0.7780440 2.0623569 0.5804081 1.2445148 1.1169806 1.1616244 1.1672253 1.1650963 1.5595993 1.1525427 1.2489652 1.3072240 1.3540073 1.1079927 1.0971014 0.7853835 1.0756211 1.1911088 1.1911088 1.3775513 1.3315868 1.3791811 1.2919661 1.1825991 1.3936886 1.3936886 1.3419063 1.3419063 1.1207819 1.1207819 3.1327522 3.5039058 3.1798717 5.2646671 6.4148197 7.4583262 5.1520980 5.1520980 1.4549563 1.8550134 
Niben101Scf08791g03011.1 0.8818360 1.4220260 0.9021728 0.9163055 0.7879027 1.0837471 1.0103760 0.7285017 0.7710449 1.0511193 0.9757019 1.1905143 1.1738570 1.1738570 1.1738570 0.7509905 0.8812586 0.7595756 0.7388706 0.8010534 1.1158786 1.0894386 0.9802766 0.9537999 0.9332533 0.9096077 0.8774155 0.7365929 0.7467492 0.9203248 0.9141763 0.7403896 0.2340776 0.2314591 0.0000000 0.0450760 0.1522052 0.6175449 0.6274316 0.6274316 0.6520472 0.8159208 1.5825982 0.5806084 1.2334534 1.0128671 1.1893803 1.1643432 1.1069976 1.4542760 1.0390040 1.1444490 1.1528991 1.1879206 1.1174485 0.9402229 0.7461545 1.0006561 1.1618505 1.1618505 1.3559216 1.2882830 1.3412895 1.2687790 1.1461599 1.2452380 1.2452380 1.2680861 1.2680861 1.1456721 1.1456721 3.5542296 4.0029178 3.8713829 4.8794818 5.8700237 4.3172575 8.6802822 8.6802822 1.2374292 1.8754069 
Niben101Scf19266g01002.1 0.8804907 1.3673965 0.9162931 0.9307134 0.7924620 1.0714985 1.0098346 0.7517039 0.8139196 1.0705922 0.9860107 1.1924023 1.2080900 1.2080900 1.2080900 0.7526261 0.8811803 0.7660160 0.7545818 0.8363393 1.1499057 1.1354448 0.9623861 0.9364862 0.9490815 0.9251259 0.8720531 0.7476489 0.7509168 0.9261231 0.9065279 0.7353652 0.2282607 0.2355579 0.0450760 0.0000000 0.1587048 0.6470188 0.6305165 0.6305165 0.6662183 0.8072671 1.6885369 0.5395316 1.2660141 1.0546996 1.1473842 1.1529384 1.1050294 1.4719841 1.0792330 1.1751704 1.1841638 1.2198568 1.1553640 0.9479106 0.7566405 1.0400553 1.2023277 1.2023277 1.3679672 1.3230694 1.4053814 1.3245140 1.1903703 1.2569373 1.2569373 1.2800460 1.2800460 1.1561881 1.1561881 3.6455004 4.1342425 3.3659350 6.1381889 8.3956830 4.7565347 9.0000000 9.0000000 1.2235744 1.9810758 
Solyc02g077920.2.1       0.9083605 1.4424790 0.9369458 0.9465884 0.8245489 1.2043247 1.1390034 0.6909844 0.7783211 1.1159635 1.0180885 1.2212430 1.4675280 1.4675280 1.4675280 0.7730227 0.8761208 0.8341782 0.8056432 0.8727654 1.1067692 1.0915834 0.9580257 0.9321914 1.0492248 1.0225196 0.9285689 0.8170762 0.8115446 0.9882852 0.9658986 0.7131403 0.2777589 0.2538849 0.1522052 0.1587048 0.0000000 0.6350286 0.7435315 0.7435315 0.7659913 0.8847265 1.6045614 0.5406124 1.2059046 1.0178201 1.1548328 1.1603315 1.1044976 1.3704720 1.0329221 1.1660279 1.1746452 1.2635820 1.1334084 1.0066014 0.7817578 1.0162678 1.2321254 1.2321254 1.3014929 1.2704275 1.2547297 1.2406177 1.1312537 1.1504048 1.1504048 1.1602845 1.1602845 1.0483723 1.0483723 3.1020182 3.3028264 3.5762116 3.7256940 3.8839509 4.5260831 9.0000000 9.0000000 1.1807593 1.9075150 
AtSPL3.1                 1.1159502 1.6909564 1.0444377 1.0895116 0.9433180 1.0128060 1.1834578 0.6114979 0.6293882 1.1601495 1.0705069 1.1470965 1.1584970 1.1584970 1.1584970 0.7178902 0.7873472 0.7573798 0.7720394 0.7262972 1.0222796 0.8945474 0.7728258 0.7823342 0.8473095 0.8399953 0.9061495 0.9009355 0.8192022 0.9352535 0.9172324 0.7992055 0.6038591 0.5932498 0.6175449 0.6470188 0.6350286 0.0000000 0.6486699 0.6486699 0.7199594 0.7616886 1.6372642 0.6197969 1.3222788 1.1148521 1.1222894 1.1005941 1.0794274 1.2682483 0.9929707 1.1179421 1.1066756 1.1932787 1.0162388 0.9532921 0.7069542 1.0874701 0.9437871 0.9437871 1.4420681 1.4042905 1.2823254 1.4375107 1.1229502 1.3494174 1.3494174 1.3975027 1.3975027 1.2071057 1.2071057 2.3563051 2.6200901 2.1653479 2.4880773 2.5883399 2.6241933 7.7690464 7.7690464 1.2962168 2.3788936 
AtSPL4.2                 1.3604702 1.7322395 1.3476229 1.4307647 1.2085921 1.2929698 1.2908789 0.8234898 0.8264634 1.2643727 1.2062557 1.2235047 1.4880928 1.4880928 1.4880928 0.9291396 1.0766893 1.0359028 1.0714580 0.9896166 1.2681858 1.1848005 0.9695869 1.1556952 1.0261297 1.0518995 1.1426728 0.9925003 1.0232367 1.0500997 1.0316542 0.7009560 0.6785842 0.6937662 0.6274316 0.6305165 0.7435315 0.6486699 0.0000000 0.0000010 0.2649782 1.0057001 2.0002112 0.9789442 1.5901093 1.3156392 1.3979219 1.3264987 1.3431472 1.4903662 1.1429284 1.3432905 1.3551484 1.3795662 1.2828775 1.2609407 1.0091161 1.3448346 1.3541540 1.3541540 1.4685077 1.4595833 1.2729134 1.5719426 1.4296519 1.8418086 1.8418086 1.9641332 1.9641332 1.6217125 1.6217125 2.8436141 3.2591079 2.6968785 3.1806502 3.7127998 3.4472132 6.3966571 6.3966571 1.5777552 2.2666549 
AtSPL4.1                 1.3604702 1.7322395 1.3476229 1.4307647 1.2085921 1.2929698 1.2908789 0.8234898 0.8264634 1.2643727 1.2062557 1.2235047 1.4880928 1.4880928 1.4880928 0.9291396 1.0766893 1.0359028 1.0714580 0.9896166 1.2681858 1.1848005 0.9695869 1.1556952 1.0261297 1.0518995 1.1426728 0.9925003 1.0232367 1.0500997 1.0316542 0.7009560 0.6785842 0.6937662 0.6274316 0.6305165 0.7435315 0.6486699 0.0000010 0.0000000 0.2649782 1.0057001 2.0002112 0.9789442 1.5901093 1.3156392 1.3979219 1.3264987 1.3431472 1.4903662 1.1429284 1.3432905 1.3551484 1.3795662 1.2828775 1.2609407 1.0091161 1.3448346 1.3541540 1.3541540 1.4685077 1.4595833 1.2729134 1.5719426 1.4296519 1.8418086 1.8418086 1.9641332 1.9641332 1.6217125 1.6217125 2.8436141 3.2591079 2.6968785 3.1806502 3.7127998 3.4472132 6.3966571 6.3966571 1.5777552 2.2666549 
AtSPL5.1                 1.2338766 1.6671035 1.2499017 1.2908031 1.1456620 1.4309611 1.1881580 0.8451389 0.8324540 1.3252020 1.3579354 1.3641766 1.4603484 1.4603484 1.4603484 0.9610032 1.0995499 1.0585148 1.0663692 1.0456876 1.4617736 1.2666218 0.9147596 1.0681236 1.0865841 1.1387677 1.1246456 0.9920786 0.9573650 1.1205181 1.1479737 0.7271867 0.7014245 0.7198774 0.6520472 0.6662183 0.7659913 0.7199594 0.2649782 0.2649782 0.0000000 1.1678000 2.3149588 1.1365605 1.5949166 1.3543233 1.5063840 1.4428677 1.4360248 1.5932848 1.2380688 1.3487973 1.3603072 1.4409534 1.4180539 1.3427284 1.0140680 1.3261011 1.4252784 1.4252784 1.5048745 1.5179308 1.3048400 1.4976430 1.4085414 1.6294203 1.6294203 1.7384482 1.7384482 1.4490255 1.4490255 3.2035557 3.4857828 2.8893828 4.0970202 4.6447319 3.1973075 4.6395815 4.6395815 1.9033733 2.4968340 
Niben101Scf10743g02013.1 2.0051046 2.9958351 2.0380125 2.0066307 1.9245457 2.2097306 2.4325110 0.8469388 1.0586401 2.1627230 2.1695824 2.3474218 2.2252443 2.2252443 2.2252443 1.1034991 1.2879285 1.3511978 1.3096551 1.1217817 1.7419743 2.1405304 1.7893213 1.8568360 2.3225861 2.1621428 2.0446288 2.0588237 1.9230002 1.8811101 1.8177314 0.7730583 0.7802436 0.7780440 0.8159208 0.8072671 0.8847265 0.7616886 1.0057001 1.0057001 1.1678000 0.0000000 3.7340484 3.7723905 2.8713560 2.5685630 3.0059025 2.9966655 2.1608969 2.6856639 2.3375228 2.8333621 2.7913544 2.6863301 2.5512774 2.6659085 1.9425181 1.5414221 2.4570594 2.4570594 2.9623044 2.9955282 2.0123489 2.8649894 2.6314280 2.3804254 2.3804254 2.4662871 2.4662871 2.8663747 2.8663747 8.9999985 9.0000000 8.9999989 9.0000000 9.0000000 9.0000000 9.0000000 9.0000000 1.9820624 2.8264980 
Niben101Scf00337g06003.1 3.5450331 3.8694358 3.6369587 3.6419438 4.9140427 3.5789342 3.4103772 1.8826866 2.6095851 4.6387613 3.7332269 4.2125198 4.8463063 4.8463063 4.8463063 2.0074268 2.1943279 2.5375584 2.7373647 2.2006383 5.2839990 5.6581893 3.5162750 3.4751736 3.7492639 3.3636292 3.0578657 3.1486021 2.9165988 2.8378408 3.1050605 2.0855857 1.8951150 2.0623569 1.5825982 1.6885369 1.6045614 1.6372642 2.0002112 2.0002112 2.3149588 3.7340484 0.0000000 0.2945670 0.2259351 0.3332812 0.5067224 0.4944916 0.9549794 1.2377366 1.2910827 1.2462875 1.2600760 1.2720098 1.5570092 2.2496061 2.1977505 1.6001352 1.9995838 1.9995838 2.6304784 2.6680097 1.8670180 2.6412341 2.5913289 2.0692597 2.0692597 2.1106180 2.1106180 3.3887568 3.3887568 2.8307554 2.7632291 4.0733795 4.9169973 7.0580670 6.0794526 5.3963924 9.0000000 1.8736734 2.6364282 
Niben101Scf00495g02016.1 2.6398467 2.5289883 3.2354361 2.8867466 3.2199596 4.2195066 3.8680298 0.9228356 1.2618098 3.1228208 2.4291667 3.0996887 4.1573986 4.1573986 4.1573986 1.3482669 1.4951528 1.6609598 1.7505775 0.9560600 6.2181150 5.1405754 3.7281478 3.5344695 4.2159352 3.8774066 3.5188874 3.5867903 3.1259795 2.4381531 3.0599453 0.4225742 0.5849052 0.5804081 0.5806084 0.5395316 0.5406124 0.6197969 0.9789442 0.9789442 1.1365605 3.7723905 0.2945670 0.0000000 0.2980106 0.3209350 0.3880371 0.3891474 0.2318478 1.0506714 1.0565485 1.0112505 0.9773173 1.1156965 1.2756036 1.9634817 1.9546960 0.7269473 1.7980824 1.7980824 2.9671704 2.8238420 0.9160846 2.7795404 2.7995654 2.0299744 2.0299744 1.8844990 1.8844990 2.9475506 2.9475506 2.6589341 2.8371948 2.9098834 3.8569837 3.7083744 4.7816566 3.5057889 8.0429413 1.1430417 2.3721924 
Niben101Scf01531g00004.1 2.4215860 2.8884049 2.2616640 2.3555839 2.6362107 2.1869149 2.0495917 1.0514220 1.1511275 3.0110744 2.5178934 3.0033672 3.1817903 3.1817903 3.1817903 1.2191079 1.4582375 1.2984984 1.3094972 1.1781434 3.3593706 3.3134629 2.5540617 2.6359153 2.5510606 2.4440914 2.4420197 2.3164607 2.0339576 2.3926617 2.5162950 0.9265713 1.2399950 1.2445148 1.2334534 1.2660141 1.2059046 1.3222788 1.5901093 1.5901093 1.5949166 2.8713560 0.2259351 0.2980106 0.0000000 0.2827739 0.3949421 0.3918335 0.5372838 1.0072826 0.9222529 0.9327348 0.9166597 0.9930018 1.0957560 1.7478618 1.4940711 0.8860984 1.5960658 1.5960658 1.9040410 1.9135577 1.1270033 1.9277444 1.9350300 1.6155139 1.6155139 1.5749949 1.5749949 1.9260109 1.9260109 3.0827501 3.3206917 4.1463169 4.6129731 4.3742131 4.5155651 3.9838994 7.1731412 1.7434275 2.6550978 
Solyc12g038520.1.1       2.2823195 2.8465943 2.0782186 2.2174898 2.3000663 2.0745691 2.1278020 1.0595605 1.1793963 2.6780865 2.2867468 2.6554093 3.1125465 3.1125465 3.1125465 1.2821234 1.4208846 1.4187558 1.3692627 1.2763562 3.4252582 3.5142870 2.5602715 2.5136729 2.9159336 2.7050822 2.4936790 2.1702113 2.2482487 2.2688910 2.5551425 0.8440888 1.1227721 1.1169806 1.0128671 1.0546996 1.0178201 1.1148521 1.3156392 1.3156392 1.3543233 2.5685630 0.3332812 0.3209350 0.2827739 0.0000000 0.4742371 0.4640437 0.7455875 1.0351406 0.9256887 0.9831382 0.9617378 1.0664264 1.1654102 2.0057103 1.6776109 1.0614869 1.5817532 1.5817532 2.0672298 2.0607566 1.3590761 2.0683560 1.8891340 1.6119416 1.6119416 1.6095907 1.6095907 2.3540385 2.3540385 3.3809658 3.1864898 4.0284448 4.9179461 4.8813596 4.1805603 3.6234572 4.6848973 1.5513276 2.9016727 
Niben101Scf01143g06001.1 2.2665453 2.8842750 2.2096238 2.0717764 2.4677655 2.2592550 2.3894452 0.8362246 1.0287910 3.0109417 2.5955585 3.1809863 4.0321232 4.0321232 4.0321232 1.2639901 1.5284358 1.3629832 1.3532996 1.2249144 3.4310679 3.4019193 2.9856948 2.9181907 3.0155060 2.8924138 2.7189943 2.9565783 2.5388096 2.5567805 2.7716895 0.8943633 1.1221184 1.1616244 1.1893803 1.1473842 1.1548328 1.1222894 1.3979219 1.3979219 1.5063840 3.0059025 0.5067224 0.3880371 0.3949421 0.4742371 0.0000000 0.0420403 0.1951519 0.9949876 0.9627325 0.9262959 0.8955395 1.0453121 1.1928401 1.7143155 1.5026911 0.8308716 1.4325404 1.4325404 2.1331399 2.1431550 1.5686699 2.1099140 1.9228489 1.5590537 1.5590537 1.5831104 1.5831104 2.1187589 2.1187589 2.6494708 2.8414581 2.8454452 3.7831178 3.4889967 3.5816219 3.3363009 4.5403109 1.5727389 2.5271612 
